线路：FZ601,优化区间：1->2,设定时间：126,实际时间：126.033,时间差异：0.0329971,能耗(kWh)：7.93655,算法执行时间(s)：0.347
相对时间,位置,速度,力,操纵工况
0.000,36513.000,0.000,0.000,0
1.364,36512.000,5.275,264.000,0
1.927,36511.000,7.514,264.000,0
2.358,36510.000,9.224,264.000,0
2.720,36509.000,10.663,264.000,0
3.038,36508.000,11.928,264.000,0
3.326,36507.000,13.071,264.000,0
3.591,36506.000,14.121,264.000,0
3.838,36505.000,15.099,264.000,0
4.069,36504.000,16.015,264.000,0
4.288,36503.000,16.882,264.000,0
4.496,36502.000,17.706,264.000,0
4.695,36501.000,18.493,264.000,0
4.886,36500.000,19.248,264.000,0
5.069,36499.000,19.975,264.000,0
5.246,36498.000,20.675,264.000,0
5.418,36497.000,21.352,264.000,0
5.584,36496.000,22.008,264.000,0
5.745,36495.000,22.645,264.000,0
5.902,36494.000,23.264,264.000,0
6.055,36493.000,23.867,264.000,0
6.204,36492.000,24.455,264.000,0
6.349,36491.000,25.029,264.000,0
6.491,36490.000,25.589,264.000,0
6.630,36489.000,26.138,264.000,0
6.767,36488.000,26.675,264.000,0
6.900,36487.000,27.201,264.000,0
7.032,36486.000,27.717,264.000,0
7.160,36485.000,28.224,264.000,0
7.287,36484.000,28.721,264.000,0
7.411,36483.000,29.210,264.000,0
7.533,36482.000,29.691,264.000,0
7.654,36481.000,30.165,264.000,0
7.772,36480.000,30.630,264.000,0
7.889,36479.000,31.088,264.000,0
8.004,36478.000,31.539,264.000,0
8.117,36477.000,31.984,264.000,0
8.229,36476.000,32.423,264.000,0
8.339,36475.000,32.856,264.000,0
8.448,36474.000,33.283,264.000,0
8.555,36473.000,33.705,264.000,0
8.661,36472.000,34.121,264.000,0
8.766,36471.000,34.532,264.000,0
8.870,36470.000,34.939,264.000,0
8.972,36469.000,35.341,264.000,0
9.074,36468.000,35.737,264.000,0
9.174,36467.000,36.129,264.000,0
9.273,36466.000,36.517,264.000,0
9.371,36465.000,36.900,264.000,0
9.468,36464.000,37.280,264.000,0
9.564,36463.000,37.656,264.000,0
9.659,36462.000,38.028,264.000,0
9.754,36461.000,38.396,264.000,0
9.847,36460.000,38.761,264.000,0
9.939,36459.000,39.122,264.000,0
10.031,36458.000,39.480,264.000,0
10.122,36457.000,39.835,264.000,0
10.212,36456.000,40.187,264.000,0
10.301,36455.000,40.534,264.000,0
10.389,36454.000,40.879,264.000,0
10.477,36453.000,41.221,264.000,0
10.564,36452.000,41.552,257.000,0
10.650,36451.000,41.880,257.000,0
10.736,36450.000,42.205,257.000,0
10.821,36449.000,42.520,251.000,0
10.905,36448.000,42.833,251.000,0
10.989,36447.000,43.143,251.000,0
11.072,36446.000,43.444,245.000,0
11.155,36445.000,43.743,245.000,0
11.237,36444.000,44.039,245.000,0
11.318,36443.000,44.327,240.000,0
11.399,36442.000,44.613,240.000,0
11.480,36441.000,44.898,240.000,0
11.560,36440.000,45.180,240.000,0
11.639,36439.000,45.453,234.000,0
11.718,36438.000,45.725,234.000,0
11.797,36437.000,45.995,234.000,0
11.875,36436.000,46.264,234.000,0
11.952,36435.000,46.525,229.000,0
12.029,36434.000,46.785,229.000,0
12.106,36433.000,47.043,229.000,0
12.182,36432.000,47.294,224.000,0
12.258,36431.000,47.544,224.000,0
12.334,36430.000,47.792,224.000,0
12.409,36429.000,48.039,224.000,0
12.484,36428.000,48.280,220.000,0
12.558,36427.000,48.519,220.000,0
12.632,36426.000,48.757,220.000,0
12.706,36425.000,48.994,220.000,0
12.779,36424.000,49.230,220.000,0
12.852,36423.000,49.460,215.000,0
12.925,36422.000,49.700,215.000,0
12.997,36421.000,49.939,215.000,0
13.069,36420.000,50.177,215.000,0
13.140,36419.000,50.408,211.000,0
13.212,36418.000,50.639,211.000,0
13.283,36417.000,50.868,211.000,0
13.353,36416.000,51.096,211.000,0
13.423,36415.000,51.319,207.000,0
13.493,36414.000,51.541,207.000,0
13.563,36413.000,51.761,207.000,0
13.633,36412.000,51.981,207.000,0
13.702,36411.000,52.200,207.000,0
13.771,36410.000,52.414,203.000,0
13.839,36409.000,52.627,203.000,0
13.907,36408.000,52.839,203.000,0
13.975,36407.000,53.050,203.000,0
14.043,36406.000,53.257,199.000,0
14.111,36405.000,53.463,199.000,0
14.178,36404.000,53.667,199.000,0
14.245,36403.000,53.871,199.000,0
14.311,36402.000,54.075,199.000,0
14.378,36401.000,54.274,195.000,0
14.444,36400.000,54.472,195.000,0
14.510,36399.000,54.669,195.000,0
14.576,36398.000,54.866,195.000,0
14.641,36397.000,54.880,0.000,2
14.707,36396.000,54.894,0.000,2
14.773,36395.000,54.908,0.000,2
14.838,36394.000,54.922,0.000,2
14.904,36393.000,54.936,0.000,2
14.969,36392.000,54.950,0.000,2
15.035,36391.000,54.964,0.000,2
15.100,36390.000,54.978,0.000,2
15.166,36389.000,54.992,0.000,2
15.231,36388.000,55.005,0.000,2
15.296,36387.000,55.019,0.000,2
15.362,36386.000,55.032,0.000,2
15.427,36385.000,55.045,0.000,2
15.493,36384.000,55.058,0.000,2
15.558,36383.000,55.072,0.000,2
15.623,36382.000,55.085,0.000,2
15.689,36381.000,55.098,0.000,2
15.754,36380.000,55.111,0.000,2
15.819,36379.000,55.125,0.000,2
15.885,36378.000,55.138,0.000,2
15.950,36377.000,55.151,0.000,2
16.015,36376.000,55.164,0.000,2
16.081,36375.000,55.177,0.000,2
16.146,36374.000,55.191,0.000,2
16.211,36373.000,55.204,0.000,2
16.276,36372.000,55.227,0.000,2
16.341,36371.000,55.251,0.000,2
16.407,36370.000,55.274,0.000,2
16.472,36369.000,55.298,0.000,2
16.537,36368.000,55.321,0.000,2
16.602,36367.000,55.345,0.000,2
16.667,36366.000,55.368,0.000,2
16.732,36365.000,55.392,0.000,2
16.797,36364.000,55.415,0.000,2
16.862,36363.000,55.439,0.000,2
16.927,36362.000,55.462,0.000,2
16.992,36361.000,55.486,0.000,2
17.056,36360.000,55.509,0.000,2
17.121,36359.000,55.533,0.000,2
17.186,36358.000,55.556,0.000,2
17.251,36357.000,55.579,0.000,2
17.316,36356.000,55.603,0.000,2
17.380,36355.000,55.626,0.000,2
17.445,36354.000,55.649,0.000,2
17.510,36353.000,55.673,0.000,2
17.574,36352.000,55.696,0.000,2
17.639,36351.000,55.719,0.000,2
17.704,36350.000,55.743,0.000,2
17.768,36349.000,55.766,0.000,2
17.833,36348.000,55.789,0.000,2
17.897,36347.000,55.823,0.000,2
17.962,36346.000,55.856,0.000,2
18.026,36345.000,55.890,0.000,2
18.091,36344.000,55.923,0.000,2
18.155,36343.000,55.956,0.000,2
18.219,36342.000,55.990,0.000,2
18.283,36341.000,56.023,0.000,2
18.348,36340.000,56.057,0.000,2
18.412,36339.000,56.090,0.000,2
18.476,36338.000,56.123,0.000,2
18.540,36337.000,56.156,0.000,2
18.604,36336.000,56.190,0.000,2
18.668,36335.000,56.223,0.000,2
18.732,36334.000,56.256,0.000,2
18.796,36333.000,56.289,0.000,2
18.860,36332.000,56.323,0.000,2
18.924,36331.000,56.356,0.000,2
18.988,36330.000,56.389,0.000,2
19.052,36329.000,56.422,0.000,2
19.116,36328.000,56.455,0.000,2
19.179,36327.000,56.488,0.000,2
19.243,36326.000,56.521,0.000,2
19.307,36325.000,56.554,0.000,2
19.370,36324.000,56.587,0.000,2
19.434,36323.000,56.620,0.000,2
19.498,36322.000,56.653,0.000,2
19.561,36321.000,56.686,0.000,2
19.625,36320.000,56.719,0.000,2
19.688,36319.000,56.752,0.000,2
19.751,36318.000,56.785,0.000,2
19.815,36317.000,56.817,0.000,2
19.878,36316.000,56.850,0.000,2
19.941,36315.000,56.883,0.000,2
20.005,36314.000,56.916,0.000,2
20.068,36313.000,56.948,0.000,2
20.131,36312.000,56.981,0.000,2
20.194,36311.000,57.014,0.000,2
20.257,36310.000,57.047,0.000,2
20.321,36309.000,57.079,0.000,2
20.384,36308.000,57.112,0.000,2
20.447,36307.000,57.145,0.000,2
20.510,36306.000,57.177,0.000,2
20.573,36305.000,57.210,0.000,2
20.635,36304.000,57.242,0.000,2
20.698,36303.000,57.275,0.000,2
20.761,36302.000,57.307,0.000,2
20.824,36301.000,57.340,0.000,2
20.887,36300.000,57.372,0.000,2
20.949,36299.000,57.405,0.000,2
21.012,36298.000,57.437,0.000,2
21.075,36297.000,57.469,0.000,2
21.137,36296.000,57.502,0.000,2
21.200,36295.000,57.534,0.000,2
21.263,36294.000,57.567,0.000,2
21.325,36293.000,57.599,0.000,2
21.388,36292.000,57.631,0.000,2
21.450,36291.000,57.663,0.000,2
21.512,36290.000,57.696,0.000,2
21.575,36289.000,57.728,0.000,2
21.637,36288.000,57.760,0.000,2
21.699,36287.000,57.792,0.000,2
21.762,36286.000,57.824,0.000,2
21.824,36285.000,57.857,0.000,2
21.886,36284.000,57.889,0.000,2
21.948,36283.000,57.921,0.000,2
22.011,36282.000,57.953,0.000,2
22.073,36281.000,57.985,0.000,2
22.135,36280.000,58.017,0.000,2
22.197,36279.000,58.049,0.000,2
22.259,36278.000,58.081,0.000,2
22.321,36277.000,58.113,0.000,2
22.383,36276.000,58.145,0.000,2
22.445,36275.000,58.177,0.000,2
22.506,36274.000,58.209,0.000,2
22.568,36273.000,58.241,0.000,2
22.630,36272.000,58.273,0.000,2
22.692,36271.000,58.304,0.000,2
22.753,36270.000,58.336,0.000,2
22.815,36269.000,58.368,0.000,2
22.877,36268.000,58.400,0.000,2
22.938,36267.000,58.432,0.000,2
23.000,36266.000,58.463,0.000,2
23.062,36265.000,58.495,0.000,2
23.123,36264.000,58.527,0.000,2
23.185,36263.000,58.559,0.000,2
23.246,36262.000,58.590,0.000,2
23.308,36261.000,58.622,0.000,2
23.369,36260.000,58.654,0.000,2
23.430,36259.000,58.685,0.000,2
23.492,36258.000,58.717,0.000,2
23.553,36257.000,58.748,0.000,2
23.614,36256.000,58.780,0.000,2
23.675,36255.000,58.811,0.000,2
23.737,36254.000,58.843,0.000,2
23.798,36253.000,58.874,0.000,2
23.859,36252.000,58.906,0.000,2
23.920,36251.000,58.937,0.000,2
23.981,36250.000,58.969,0.000,2
24.042,36249.000,59.000,0.000,2
24.103,36248.000,59.032,0.000,2
24.164,36247.000,59.063,0.000,2
24.225,36246.000,59.094,0.000,2
24.286,36245.000,59.126,0.000,2
24.347,36244.000,59.157,0.000,2
24.408,36243.000,59.188,0.000,2
24.468,36242.000,59.220,0.000,2
24.529,36241.000,59.251,0.000,2
24.590,36240.000,59.282,0.000,2
24.651,36239.000,59.313,0.000,2
24.711,36238.000,59.345,0.000,2
24.772,36237.000,59.376,0.000,2
24.833,36236.000,59.407,0.000,2
24.893,36235.000,59.438,0.000,2
24.954,36234.000,59.469,0.000,2
25.014,36233.000,59.500,0.000,2
25.075,36232.000,59.531,0.000,2
25.135,36231.000,59.562,0.000,2
25.196,36230.000,59.593,0.000,2
25.256,36229.000,59.625,0.000,2
25.316,36228.000,59.656,0.000,2
25.377,36227.000,59.687,0.000,2
25.437,36226.000,59.717,0.000,2
25.497,36225.000,59.748,0.000,2
25.558,36224.000,59.779,0.000,2
25.618,36223.000,59.810,0.000,2
25.678,36222.000,59.841,0.000,2
25.738,36221.000,59.872,0.000,2
25.798,36220.000,59.903,0.000,2
25.858,36219.000,59.934,0.000,2
25.918,36218.000,59.965,0.000,2
25.978,36217.000,59.995,0.000,2
26.038,36216.000,60.026,0.000,2
26.098,36215.000,60.056,0.000,2
26.158,36214.000,60.086,0.000,2
26.218,36213.000,60.116,0.000,2
26.278,36212.000,60.146,0.000,2
26.338,36211.000,60.176,0.000,2
26.398,36210.000,60.206,0.000,2
26.457,36209.000,60.236,0.000,2
26.517,36208.000,60.266,0.000,2
26.577,36207.000,60.296,0.000,2
26.637,36206.000,60.326,0.000,2
26.696,36205.000,60.356,0.000,2
26.756,36204.000,60.386,0.000,2
26.815,36203.000,60.416,0.000,2
26.875,36202.000,60.445,0.000,2
26.935,36201.000,60.475,0.000,2
26.994,36200.000,60.505,0.000,2
27.054,36199.000,60.535,0.000,2
27.113,36198.000,60.565,0.000,2
27.172,36197.000,60.594,0.000,2
27.232,36196.000,60.624,0.000,2
27.291,36195.000,60.654,0.000,2
27.351,36194.000,60.683,0.000,2
27.410,36193.000,60.713,0.000,2
27.469,36192.000,60.743,0.000,2
27.528,36191.000,60.772,0.000,2
27.588,36190.000,60.802,0.000,2
27.647,36189.000,60.832,0.000,2
27.706,36188.000,60.861,0.000,2
27.765,36187.000,60.891,0.000,2
27.824,36186.000,60.920,0.000,2
27.883,36185.000,60.950,0.000,2
27.942,36184.000,60.979,0.000,2
28.001,36183.000,61.009,0.000,2
28.060,36182.000,61.038,0.000,2
28.119,36181.000,61.068,0.000,2
28.178,36180.000,61.097,0.000,2
28.237,36179.000,61.127,0.000,2
28.296,36178.000,61.156,0.000,2
28.355,36177.000,61.186,0.000,2
28.414,36176.000,61.215,0.000,2
28.472,36175.000,61.244,0.000,2
28.531,36174.000,61.274,0.000,2
28.590,36173.000,61.303,0.000,2
28.649,36172.000,61.332,0.000,2
28.707,36171.000,61.362,0.000,2
28.766,36170.000,61.391,0.000,2
28.825,36169.000,61.420,0.000,2
28.883,36168.000,61.450,0.000,2
28.942,36167.000,61.479,0.000,2
29.000,36166.000,61.508,0.000,2
29.059,36165.000,61.537,0.000,2
29.117,36164.000,61.566,0.000,2
29.176,36163.000,61.596,0.000,2
29.234,36162.000,61.625,0.000,2
29.293,36161.000,61.654,0.000,2
29.351,36160.000,61.683,0.000,2
29.409,36159.000,61.712,0.000,2
29.468,36158.000,61.741,0.000,2
29.526,36157.000,61.770,0.000,2
29.584,36156.000,61.799,0.000,2
29.643,36155.000,61.828,0.000,2
29.701,36154.000,61.857,0.000,2
29.759,36153.000,61.886,0.000,2
29.817,36152.000,61.915,0.000,2
29.875,36151.000,61.944,0.000,2
29.933,36150.000,61.973,0.000,2
29.991,36149.000,62.002,0.000,2
30.049,36148.000,62.031,0.000,2
30.107,36147.000,62.060,0.000,2
30.165,36146.000,62.089,0.000,2
30.223,36145.000,62.118,0.000,2
30.281,36144.000,62.147,0.000,2
30.339,36143.000,62.175,0.000,2
30.397,36142.000,62.204,0.000,2
30.455,36141.000,62.233,0.000,2
30.513,36140.000,62.262,0.000,2
30.571,36139.000,62.291,0.000,2
30.628,36138.000,62.319,0.000,2
30.686,36137.000,62.348,0.000,2
30.744,36136.000,62.377,0.000,2
30.802,36135.000,62.406,0.000,2
30.859,36134.000,62.434,0.000,2
30.917,36133.000,62.463,0.000,2
30.975,36132.000,62.492,0.000,2
31.032,36131.000,62.520,0.000,2
31.090,36130.000,62.549,0.000,2
31.147,36129.000,62.578,0.000,2
31.205,36128.000,62.606,0.000,2
31.262,36127.000,62.635,0.000,2
31.320,36126.000,62.663,0.000,2
31.377,36125.000,62.692,0.000,2
31.435,36124.000,62.720,0.000,2
31.492,36123.000,62.749,0.000,2
31.549,36122.000,62.778,0.000,2
31.607,36121.000,62.806,0.000,2
31.664,36120.000,62.834,0.000,2
31.721,36119.000,62.863,0.000,2
31.779,36118.000,62.891,0.000,2
31.836,36117.000,62.920,0.000,2
31.893,36116.000,62.948,0.000,2
31.950,36115.000,62.977,0.000,2
32.007,36114.000,63.005,0.000,2
32.064,36113.000,63.033,0.000,2
32.121,36112.000,63.062,0.000,2
32.179,36111.000,63.090,0.000,2
32.236,36110.000,63.118,0.000,2
32.293,36109.000,63.147,0.000,2
32.350,36108.000,63.175,0.000,2
32.407,36107.000,63.203,0.000,2
32.464,36106.000,63.232,0.000,2
32.520,36105.000,63.260,0.000,2
32.577,36104.000,63.288,0.000,2
32.634,36103.000,63.316,0.000,2
32.691,36102.000,63.345,0.000,2
32.748,36101.000,63.373,0.000,2
32.805,36100.000,63.401,0.000,2
32.861,36099.000,63.429,0.000,2
32.918,36098.000,63.457,0.000,2
32.975,36097.000,63.485,0.000,2
33.032,36096.000,63.513,0.000,2
33.088,36095.000,63.542,0.000,2
33.145,36094.000,63.570,0.000,2
33.202,36093.000,63.598,0.000,2
33.258,36092.000,63.626,0.000,2
33.315,36091.000,63.654,0.000,2
33.371,36090.000,63.682,0.000,2
33.428,36089.000,63.710,0.000,2
33.484,36088.000,63.738,0.000,2
33.541,36087.000,63.766,0.000,2
33.597,36086.000,63.794,0.000,2
33.654,36085.000,63.822,0.000,2
33.710,36084.000,63.850,0.000,2
33.766,36083.000,63.878,0.000,2
33.823,36082.000,63.906,0.000,2
33.879,36081.000,63.933,0.000,2
33.935,36080.000,63.961,0.000,2
33.992,36079.000,63.989,0.000,2
34.048,36078.000,64.017,0.000,2
34.104,36077.000,64.045,0.000,2
34.160,36076.000,64.073,0.000,2
34.216,36075.000,64.100,0.000,2
34.273,36074.000,64.128,0.000,2
34.329,36073.000,64.156,0.000,2
34.385,36072.000,64.184,0.000,2
34.441,36071.000,64.212,0.000,2
34.497,36070.000,64.239,0.000,2
34.553,36069.000,64.267,0.000,2
34.609,36068.000,64.295,0.000,2
34.665,36067.000,64.322,0.000,2
34.721,36066.000,64.350,0.000,2
34.777,36065.000,64.378,0.000,2
34.833,36064.000,64.405,0.000,2
34.889,36063.000,64.433,0.000,2
34.945,36062.000,64.461,0.000,2
35.000,36061.000,64.488,0.000,2
35.056,36060.000,64.516,0.000,2
35.112,36059.000,64.543,0.000,2
35.168,36058.000,64.571,0.000,2
35.223,36057.000,64.599,0.000,2
35.279,36056.000,64.626,0.000,2
35.335,36055.000,64.654,0.000,2
35.391,36054.000,64.681,0.000,2
35.446,36053.000,64.709,0.000,2
35.502,36052.000,64.736,0.000,2
35.557,36051.000,64.764,0.000,2
35.613,36050.000,64.791,0.000,2
35.669,36049.000,64.818,0.000,2
35.724,36048.000,64.846,0.000,2
35.780,36047.000,64.873,0.000,2
35.835,36046.000,64.901,0.000,2
35.890,36045.000,64.928,0.000,2
35.946,36044.000,64.955,0.000,2
36.001,36043.000,64.983,0.000,2
36.057,36042.000,65.010,0.000,2
36.112,36041.000,65.037,0.000,2
36.167,36040.000,65.063,0.000,2
36.223,36039.000,65.090,0.000,2
36.278,36038.000,65.117,0.000,2
36.333,36037.000,65.143,0.000,2
36.389,36036.000,65.170,0.000,2
36.444,36035.000,65.196,0.000,2
36.499,36034.000,65.223,0.000,2
36.554,36033.000,65.249,0.000,2
36.609,36032.000,65.276,0.000,2
36.664,36031.000,65.302,0.000,2
36.720,36030.000,65.329,0.000,2
36.775,36029.000,65.355,0.000,2
36.830,36028.000,65.382,0.000,2
36.885,36027.000,65.408,0.000,2
36.940,36026.000,65.435,0.000,2
36.995,36025.000,65.461,0.000,2
37.050,36024.000,65.488,0.000,2
37.105,36023.000,65.514,0.000,2
37.160,36022.000,65.540,0.000,2
37.215,36021.000,65.567,0.000,2
37.270,36020.000,65.593,0.000,2
37.324,36019.000,65.619,0.000,2
37.379,36018.000,65.646,0.000,2
37.434,36017.000,65.672,0.000,2
37.489,36016.000,65.698,0.000,2
37.544,36015.000,65.725,0.000,2
37.598,36014.000,65.751,0.000,2
37.653,36013.000,65.777,0.000,2
37.708,36012.000,65.803,0.000,2
37.763,36011.000,65.830,0.000,2
37.817,36010.000,65.856,0.000,2
37.872,36009.000,65.882,0.000,2
37.927,36008.000,65.908,0.000,2
37.981,36007.000,65.935,0.000,2
38.036,36006.000,65.961,0.000,2
38.090,36005.000,65.987,0.000,2
38.145,36004.000,66.013,0.000,2
38.199,36003.000,66.039,0.000,2
38.254,36002.000,66.065,0.000,2
38.308,36001.000,66.091,0.000,2
38.363,36000.000,66.118,0.000,2
38.417,35999.000,66.144,0.000,2
38.472,35998.000,66.170,0.000,2
38.526,35997.000,66.196,0.000,2
38.580,35996.000,66.222,0.000,2
38.635,35995.000,66.248,0.000,2
38.689,35994.000,66.274,0.000,2
38.743,35993.000,66.300,0.000,2
38.798,35992.000,66.326,0.000,2
38.852,35991.000,66.352,0.000,2
38.906,35990.000,66.378,0.000,2
38.961,35989.000,66.404,0.000,2
39.015,35988.000,66.430,0.000,2
39.069,35987.000,66.450,0.000,2
39.123,35986.000,66.469,0.000,2
39.177,35985.000,66.489,0.000,2
39.231,35984.000,66.509,0.000,2
39.285,35983.000,66.528,0.000,2
39.340,35982.000,66.548,0.000,2
39.394,35981.000,66.568,0.000,2
39.448,35980.000,66.587,0.000,2
39.502,35979.000,66.607,0.000,2
39.556,35978.000,66.627,0.000,2
39.610,35977.000,66.646,0.000,2
39.664,35976.000,66.666,0.000,2
39.718,35975.000,66.686,0.000,2
39.772,35974.000,66.705,0.000,2
39.826,35973.000,66.725,0.000,2
39.880,35972.000,66.745,0.000,2
39.934,35971.000,66.764,0.000,2
39.988,35970.000,66.784,0.000,2
40.041,35969.000,66.803,0.000,2
40.095,35968.000,66.823,0.000,2
40.149,35967.000,66.843,0.000,2
40.203,35966.000,66.862,0.000,2
40.257,35965.000,66.882,0.000,2
40.311,35964.000,66.901,0.000,2
40.365,35963.000,66.921,0.000,2
40.418,35962.000,66.934,0.000,2
40.472,35961.000,66.947,0.000,2
40.526,35960.000,66.961,0.000,2
40.580,35959.000,66.974,0.000,2
40.633,35958.000,66.988,0.000,2
40.687,35957.000,67.001,0.000,2
40.741,35956.000,67.014,0.000,2
40.795,35955.000,67.028,0.000,2
40.848,35954.000,67.041,0.000,2
40.902,35953.000,67.054,0.000,2
40.956,35952.000,67.068,0.000,2
41.009,35951.000,67.081,0.000,2
41.063,35950.000,67.094,0.000,2
41.117,35949.000,67.108,0.000,2
41.170,35948.000,67.121,0.000,2
41.224,35947.000,67.134,0.000,2
41.277,35946.000,67.147,0.000,2
41.331,35945.000,67.161,0.000,2
41.385,35944.000,67.174,0.000,2
41.438,35943.000,67.187,0.000,2
41.492,35942.000,67.201,0.000,2
41.545,35941.000,67.214,0.000,2
41.599,35940.000,67.227,0.000,2
41.653,35939.000,67.241,0.000,2
41.706,35938.000,67.254,0.000,2
41.760,35937.000,67.261,0.000,2
41.813,35936.000,67.268,0.000,2
41.867,35935.000,67.275,0.000,2
41.920,35934.000,67.282,0.000,2
41.974,35933.000,67.289,0.000,2
42.027,35932.000,67.297,0.000,2
42.081,35931.000,67.304,0.000,2
42.134,35930.000,67.311,0.000,2
42.188,35929.000,67.318,0.000,2
42.241,35928.000,67.325,0.000,2
42.295,35927.000,67.332,0.000,2
42.348,35926.000,67.339,0.000,2
42.401,35925.000,67.346,0.000,2
42.455,35924.000,67.354,0.000,2
42.508,35923.000,67.361,0.000,2
42.562,35922.000,67.368,0.000,2
42.615,35921.000,67.375,0.000,2
42.669,35920.000,67.382,0.000,2
42.722,35919.000,67.389,0.000,2
42.776,35918.000,67.396,0.000,2
42.829,35917.000,67.403,0.000,2
42.882,35916.000,67.410,0.000,2
42.936,35915.000,67.417,0.000,2
42.989,35914.000,67.425,0.000,2
43.043,35913.000,67.432,0.000,2
43.096,35912.000,67.433,0.000,2
43.149,35911.000,67.434,0.000,2
43.203,35910.000,67.435,0.000,2
43.256,35909.000,67.436,0.000,2
43.309,35908.000,67.437,0.000,2
43.363,35907.000,67.437,0.000,2
43.416,35906.000,67.438,0.000,2
43.470,35905.000,67.439,0.000,2
43.523,35904.000,67.440,0.000,2
43.576,35903.000,67.441,0.000,2
43.630,35902.000,67.442,0.000,2
43.683,35901.000,67.443,0.000,2
43.736,35900.000,67.444,0.000,2
43.790,35899.000,67.445,0.000,2
43.843,35898.000,67.446,0.000,2
43.897,35897.000,67.447,0.000,2
43.950,35896.000,67.448,0.000,2
44.003,35895.000,67.449,0.000,2
44.057,35894.000,67.450,0.000,2
44.110,35893.000,67.451,0.000,2
44.163,35892.000,67.452,0.000,2
44.217,35891.000,67.453,0.000,2
44.270,35890.000,67.454,0.000,2
44.324,35889.000,67.455,0.000,2
44.377,35888.000,67.456,0.000,2
44.430,35887.000,67.457,0.000,2
44.484,35886.000,67.458,0.000,2
44.537,35885.000,67.459,0.000,2
44.590,35884.000,67.460,0.000,2
44.644,35883.000,67.461,0.000,2
44.697,35882.000,67.462,0.000,2
44.751,35881.000,67.463,0.000,2
44.804,35880.000,67.464,0.000,2
44.857,35879.000,67.465,0.000,2
44.911,35878.000,67.466,0.000,2
44.964,35877.000,67.467,0.000,2
45.017,35876.000,67.468,0.000,2
45.071,35875.000,67.468,0.000,2
45.124,35874.000,67.469,0.000,2
45.177,35873.000,67.470,0.000,2
45.231,35872.000,67.471,0.000,2
45.284,35871.000,67.472,0.000,2
45.337,35870.000,67.473,0.000,2
45.391,35869.000,67.474,0.000,2
45.444,35868.000,67.475,0.000,2
45.498,35867.000,67.476,0.000,2
45.551,35866.000,67.477,0.000,2
45.604,35865.000,67.478,0.000,2
45.658,35864.000,67.479,0.000,2
45.711,35863.000,67.480,0.000,2
45.764,35862.000,67.481,0.000,2
45.818,35861.000,67.482,0.000,2
45.871,35860.000,67.483,0.000,2
45.924,35859.000,67.484,0.000,2
45.978,35858.000,67.485,0.000,2
46.031,35857.000,67.486,0.000,2
46.084,35856.000,67.487,0.000,2
46.138,35855.000,67.488,0.000,2
46.191,35854.000,67.489,0.000,2
46.244,35853.000,67.490,0.000,2
46.298,35852.000,67.491,0.000,2
46.351,35851.000,67.492,0.000,2
46.404,35850.000,67.493,0.000,2
46.458,35849.000,67.494,0.000,2
46.511,35848.000,67.495,0.000,2
46.564,35847.000,67.496,0.000,2
46.618,35846.000,67.497,0.000,2
46.671,35845.000,67.497,0.000,2
46.724,35844.000,67.498,0.000,2
46.778,35843.000,67.499,0.000,2
46.831,35842.000,67.500,0.000,2
46.884,35841.000,67.501,0.000,2
46.938,35840.000,67.502,0.000,2
46.991,35839.000,67.503,0.000,2
47.044,35838.000,67.504,0.000,2
47.098,35837.000,67.505,0.000,2
47.151,35836.000,67.506,0.000,2
47.204,35835.000,67.507,0.000,2
47.258,35834.000,67.508,0.000,2
47.311,35833.000,67.509,0.000,2
47.364,35832.000,67.510,0.000,2
47.418,35831.000,67.511,0.000,2
47.471,35830.000,67.512,0.000,2
47.524,35829.000,67.513,0.000,2
47.578,35828.000,67.514,0.000,2
47.631,35827.000,67.515,0.000,2
47.684,35826.000,67.516,0.000,2
47.738,35825.000,67.517,0.000,2
47.791,35824.000,67.518,0.000,2
47.844,35823.000,67.519,0.000,2
47.898,35822.000,67.520,0.000,2
47.951,35821.000,67.521,0.000,2
48.004,35820.000,67.522,0.000,2
48.058,35819.000,67.523,0.000,2
48.111,35818.000,67.523,0.000,2
48.164,35817.000,67.524,0.000,2
48.217,35816.000,67.525,0.000,2
48.271,35815.000,67.526,0.000,2
48.324,35814.000,67.527,0.000,2
48.377,35813.000,67.528,0.000,2
48.431,35812.000,67.529,0.000,2
48.484,35811.000,67.530,0.000,2
48.537,35810.000,67.531,0.000,2
48.591,35809.000,67.532,0.000,2
48.644,35808.000,67.533,0.000,2
48.697,35807.000,67.534,0.000,2
48.751,35806.000,67.535,0.000,2
48.804,35805.000,67.536,0.000,2
48.857,35804.000,67.537,0.000,2
48.910,35803.000,67.538,0.000,2
48.964,35802.000,67.539,0.000,2
49.017,35801.000,67.540,0.000,2
49.070,35800.000,67.541,0.000,2
49.124,35799.000,67.542,0.000,2
49.177,35798.000,67.543,0.000,2
49.230,35797.000,67.544,0.000,2
49.284,35796.000,67.545,0.000,2
49.337,35795.000,67.546,0.000,2
49.390,35794.000,67.547,0.000,2
49.443,35793.000,67.547,0.000,2
49.497,35792.000,67.548,0.000,2
49.550,35791.000,67.549,0.000,2
49.603,35790.000,67.550,0.000,2
49.657,35789.000,67.551,0.000,2
49.710,35788.000,67.552,0.000,2
49.763,35787.000,67.553,0.000,2
49.817,35786.000,67.554,0.000,2
49.870,35785.000,67.555,0.000,2
49.923,35784.000,67.556,0.000,2
49.976,35783.000,67.557,0.000,2
50.030,35782.000,67.558,0.000,2
50.083,35781.000,67.559,0.000,2
50.136,35780.000,67.560,0.000,2
50.190,35779.000,67.561,0.000,2
50.243,35778.000,67.562,0.000,2
50.296,35777.000,67.563,0.000,2
50.349,35776.000,67.564,0.000,2
50.403,35775.000,67.565,0.000,2
50.456,35774.000,67.566,0.000,2
50.509,35773.000,67.567,0.000,2
50.563,35772.000,67.568,0.000,2
50.616,35771.000,67.569,0.000,2
50.669,35770.000,67.570,0.000,2
50.722,35769.000,67.570,0.000,2
50.776,35768.000,67.571,0.000,2
50.829,35767.000,67.572,0.000,2
50.882,35766.000,67.573,0.000,2
50.935,35765.000,67.574,0.000,2
50.989,35764.000,67.575,0.000,2
51.042,35763.000,67.576,0.000,2
51.095,35762.000,67.577,0.000,2
51.149,35761.000,67.578,0.000,2
51.202,35760.000,67.579,0.000,2
51.255,35759.000,67.580,0.000,2
51.308,35758.000,67.581,0.000,2
51.362,35757.000,67.582,0.000,2
51.415,35756.000,67.583,0.000,2
51.468,35755.000,67.584,0.000,2
51.521,35754.000,67.585,0.000,2
51.575,35753.000,67.586,0.000,2
51.628,35752.000,67.587,0.000,2
51.681,35751.000,67.588,0.000,2
51.735,35750.000,67.589,0.000,2
51.788,35749.000,67.590,0.000,2
51.841,35748.000,67.591,0.000,2
51.894,35747.000,67.592,0.000,2
51.948,35746.000,67.592,0.000,2
52.001,35745.000,67.593,0.000,2
52.054,35744.000,67.594,0.000,2
52.107,35743.000,67.595,0.000,2
52.161,35742.000,67.596,0.000,2
52.214,35741.000,67.597,0.000,2
52.267,35740.000,67.598,0.000,2
52.320,35739.000,67.599,0.000,2
52.374,35738.000,67.600,0.000,2
52.427,35737.000,67.601,0.000,2
52.480,35736.000,67.602,0.000,2
52.533,35735.000,67.603,0.000,2
52.587,35734.000,67.604,0.000,2
52.640,35733.000,67.605,0.000,2
52.693,35732.000,67.606,0.000,2
52.746,35731.000,67.607,0.000,2
52.800,35730.000,67.608,0.000,2
52.853,35729.000,67.609,0.000,2
52.906,35728.000,67.610,0.000,2
52.959,35727.000,67.611,0.000,2
53.013,35726.000,67.612,0.000,2
53.066,35725.000,67.613,0.000,2
53.119,35724.000,67.613,0.000,2
53.172,35723.000,67.614,0.000,2
53.226,35722.000,67.615,0.000,2
53.279,35721.000,67.616,0.000,2
53.332,35720.000,67.617,0.000,2
53.385,35719.000,67.618,0.000,2
53.439,35718.000,67.619,0.000,2
53.492,35717.000,67.620,0.000,2
53.545,35716.000,67.621,0.000,2
53.598,35715.000,67.622,0.000,2
53.652,35714.000,67.623,0.000,2
53.705,35713.000,67.624,0.000,2
53.758,35712.000,67.625,0.000,2
53.811,35711.000,67.626,0.000,2
53.864,35710.000,67.627,0.000,2
53.918,35709.000,67.628,0.000,2
53.971,35708.000,67.629,0.000,2
54.024,35707.000,67.630,0.000,2
54.077,35706.000,67.631,0.000,2
54.131,35705.000,67.632,0.000,2
54.184,35704.000,67.632,0.000,2
54.237,35703.000,67.633,0.000,2
54.290,35702.000,67.634,0.000,2
54.344,35701.000,67.635,0.000,2
54.397,35700.000,67.636,0.000,2
54.450,35699.000,67.637,0.000,2
54.503,35698.000,67.638,0.000,2
54.556,35697.000,67.639,0.000,2
54.610,35696.000,67.640,0.000,2
54.663,35695.000,67.641,0.000,2
54.716,35694.000,67.642,0.000,2
54.769,35693.000,67.643,0.000,2
54.823,35692.000,67.644,0.000,2
54.876,35691.000,67.645,0.000,2
54.929,35690.000,67.646,0.000,2
54.982,35689.000,67.647,0.000,2
55.035,35688.000,67.648,0.000,2
55.089,35687.000,67.649,0.000,2
55.142,35686.000,67.650,0.000,2
55.195,35685.000,67.651,0.000,2
55.248,35684.000,67.651,0.000,2
55.301,35683.000,67.652,0.000,2
55.355,35682.000,67.653,0.000,2
55.408,35681.000,67.654,0.000,2
55.461,35680.000,67.655,0.000,2
55.514,35679.000,67.656,0.000,2
55.568,35678.000,67.657,0.000,2
55.621,35677.000,67.658,0.000,2
55.674,35676.000,67.659,0.000,2
55.727,35675.000,67.660,0.000,2
55.780,35674.000,67.661,0.000,2
55.834,35673.000,67.662,0.000,2
55.887,35672.000,67.663,0.000,2
55.940,35671.000,67.664,0.000,2
55.993,35670.000,67.665,0.000,2
56.046,35669.000,67.666,0.000,2
56.100,35668.000,67.667,0.000,2
56.153,35667.000,67.668,0.000,2
56.206,35666.000,67.669,0.000,2
56.259,35665.000,67.670,0.000,2
56.312,35664.000,67.670,0.000,2
56.366,35663.000,67.671,0.000,2
56.419,35662.000,67.672,0.000,2
56.472,35661.000,67.673,0.000,2
56.525,35660.000,67.674,0.000,2
56.578,35659.000,67.675,0.000,2
56.632,35658.000,67.676,0.000,2
56.685,35657.000,67.677,0.000,2
56.738,35656.000,67.678,0.000,2
56.791,35655.000,67.679,0.000,2
56.844,35654.000,67.680,0.000,2
56.898,35653.000,67.681,0.000,2
56.951,35652.000,67.682,0.000,2
57.004,35651.000,67.683,0.000,2
57.057,35650.000,67.684,0.000,2
57.110,35649.000,67.685,0.000,2
57.163,35648.000,67.686,0.000,2
57.217,35647.000,67.687,0.000,2
57.270,35646.000,67.687,0.000,2
57.323,35645.000,67.688,0.000,2
57.376,35644.000,67.689,0.000,2
57.429,35643.000,67.690,0.000,2
57.483,35642.000,67.691,0.000,2
57.536,35641.000,67.692,0.000,2
57.589,35640.000,67.693,0.000,2
57.642,35639.000,67.694,0.000,2
57.695,35638.000,67.695,0.000,2
57.748,35637.000,67.696,0.000,2
57.802,35636.000,67.697,0.000,2
57.855,35635.000,67.698,0.000,2
57.908,35634.000,67.699,0.000,2
57.961,35633.000,67.700,0.000,2
58.014,35632.000,67.701,0.000,2
58.068,35631.000,67.702,0.000,2
58.121,35630.000,67.703,0.000,2
58.174,35629.000,67.704,0.000,2
58.227,35628.000,67.704,0.000,2
58.280,35627.000,67.705,0.000,2
58.333,35626.000,67.706,0.000,2
58.387,35625.000,67.707,0.000,2
58.440,35624.000,67.708,0.000,2
58.493,35623.000,67.709,0.000,2
58.546,35622.000,67.710,0.000,2
58.599,35621.000,67.711,0.000,2
58.652,35620.000,67.712,0.000,2
58.706,35619.000,67.713,0.000,2
58.759,35618.000,67.714,0.000,2
58.812,35617.000,67.715,0.000,2
58.865,35616.000,67.716,0.000,2
58.918,35615.000,67.717,0.000,2
58.971,35614.000,67.718,0.000,2
59.025,35613.000,67.719,0.000,2
59.078,35612.000,67.720,0.000,2
59.131,35611.000,67.721,0.000,2
59.184,35610.000,67.721,0.000,2
59.237,35609.000,67.722,0.000,2
59.290,35608.000,67.723,0.000,2
59.344,35607.000,67.724,0.000,2
59.397,35606.000,67.725,0.000,2
59.450,35605.000,67.726,0.000,2
59.503,35604.000,67.727,0.000,2
59.556,35603.000,67.728,0.000,2
59.609,35602.000,67.729,0.000,2
59.662,35601.000,67.730,0.000,2
59.716,35600.000,67.731,0.000,2
59.769,35599.000,67.732,0.000,2
59.822,35598.000,67.733,0.000,2
59.875,35597.000,67.734,0.000,2
59.928,35596.000,67.735,0.000,2
59.981,35595.000,67.736,0.000,2
60.034,35594.000,67.736,0.000,2
60.088,35593.000,67.737,0.000,2
60.141,35592.000,67.738,0.000,2
60.194,35591.000,67.739,0.000,2
60.247,35590.000,67.740,0.000,2
60.300,35589.000,67.741,0.000,2
60.353,35588.000,67.742,0.000,2
60.407,35587.000,67.743,0.000,2
60.460,35586.000,67.744,0.000,2
60.513,35585.000,67.745,0.000,2
60.566,35584.000,67.746,0.000,2
60.619,35583.000,67.747,0.000,2
60.672,35582.000,67.748,0.000,2
60.725,35581.000,67.749,0.000,2
60.778,35580.000,67.750,0.000,2
60.832,35579.000,67.751,0.000,2
60.885,35578.000,67.752,0.000,2
60.938,35577.000,67.752,0.000,2
60.991,35576.000,67.753,0.000,2
61.044,35575.000,67.754,0.000,2
61.097,35574.000,67.755,0.000,2
61.150,35573.000,67.756,0.000,2
61.204,35572.000,67.757,0.000,2
61.257,35571.000,67.758,0.000,2
61.310,35570.000,67.759,0.000,2
61.363,35569.000,67.760,0.000,2
61.416,35568.000,67.761,0.000,2
61.469,35567.000,67.762,0.000,2
61.522,35566.000,67.763,0.000,2
61.575,35565.000,67.764,0.000,2
61.629,35564.000,67.765,0.000,2
61.682,35563.000,67.766,0.000,2
61.735,35562.000,67.767,0.000,2
61.788,35561.000,67.767,0.000,2
61.841,35560.000,67.768,0.000,2
61.894,35559.000,67.769,0.000,2
61.947,35558.000,67.770,0.000,2
62.000,35557.000,67.771,0.000,2
62.054,35556.000,67.772,0.000,2
62.107,35555.000,67.773,0.000,2
62.160,35554.000,67.774,0.000,2
62.213,35553.000,67.775,0.000,2
62.266,35552.000,67.776,0.000,2
62.319,35551.000,67.777,0.000,2
62.372,35550.000,67.778,0.000,2
62.425,35549.000,67.779,0.000,2
62.478,35548.000,67.780,0.000,2
62.532,35547.000,67.781,0.000,2
62.585,35546.000,67.782,0.000,2
62.638,35545.000,67.782,0.000,2
62.691,35544.000,67.783,0.000,2
62.744,35543.000,67.784,0.000,2
62.797,35542.000,67.785,0.000,2
62.850,35541.000,67.786,0.000,2
62.903,35540.000,67.787,0.000,2
62.956,35539.000,67.788,0.000,2
63.010,35538.000,67.789,0.000,2
63.063,35537.000,67.790,0.000,2
63.116,35536.000,67.791,0.000,2
63.169,35535.000,67.792,0.000,2
63.222,35534.000,67.793,0.000,2
63.275,35533.000,67.794,0.000,2
63.328,35532.000,67.795,0.000,2
63.381,35531.000,67.796,0.000,2
63.434,35530.000,67.796,0.000,2
63.488,35529.000,67.797,0.000,2
63.541,35528.000,67.798,0.000,2
63.594,35527.000,67.799,0.000,2
63.647,35526.000,67.800,0.000,2
63.700,35525.000,67.801,0.000,2
63.753,35524.000,67.802,0.000,2
63.806,35523.000,67.803,0.000,2
63.859,35522.000,67.804,0.000,2
63.912,35521.000,67.805,0.000,2
63.965,35520.000,67.806,0.000,2
64.018,35519.000,67.807,0.000,2
64.072,35518.000,67.808,0.000,2
64.125,35517.000,67.809,0.000,2
64.178,35516.000,67.810,0.000,2
64.231,35515.000,67.810,0.000,2
64.284,35514.000,67.811,0.000,2
64.337,35513.000,67.812,0.000,2
64.390,35512.000,67.813,0.000,2
64.443,35511.000,67.814,0.000,2
64.496,35510.000,67.815,0.000,2
64.549,35509.000,67.816,0.000,2
64.602,35508.000,67.817,0.000,2
64.656,35507.000,67.818,0.000,2
64.709,35506.000,67.819,0.000,2
64.762,35505.000,67.820,0.000,2
64.815,35504.000,67.821,0.000,2
64.868,35503.000,67.822,0.000,2
64.921,35502.000,67.823,0.000,2
64.974,35501.000,67.824,0.000,2
65.027,35500.000,67.824,0.000,2
65.080,35499.000,67.825,0.000,2
65.133,35498.000,67.826,0.000,2
65.186,35497.000,67.827,0.000,2
65.239,35496.000,67.828,0.000,2
65.292,35495.000,67.829,0.000,2
65.346,35494.000,67.830,0.000,2
65.399,35493.000,67.831,0.000,2
65.452,35492.000,67.832,0.000,2
65.505,35491.000,67.833,0.000,2
65.558,35490.000,67.834,0.000,2
65.611,35489.000,67.835,0.000,2
65.664,35488.000,67.836,0.000,2
65.717,35487.000,67.837,0.000,2
65.770,35486.000,67.837,0.000,2
65.823,35485.000,67.838,0.000,2
65.876,35484.000,67.839,0.000,2
65.929,35483.000,67.840,0.000,2
65.982,35482.000,67.841,0.000,2
66.035,35481.000,67.842,0.000,2
66.089,35480.000,67.843,0.000,2
66.142,35479.000,67.844,0.000,2
66.195,35478.000,67.845,0.000,2
66.248,35477.000,67.846,0.000,2
66.301,35476.000,67.847,0.000,2
66.354,35475.000,67.848,0.000,2
66.407,35474.000,67.849,0.000,2
66.460,35473.000,67.850,0.000,2
66.513,35472.000,67.850,0.000,2
66.566,35471.000,67.851,0.000,2
66.619,35470.000,67.852,0.000,2
66.672,35469.000,67.853,0.000,2
66.725,35468.000,67.854,0.000,2
66.778,35467.000,67.855,0.000,2
66.831,35466.000,67.856,0.000,2
66.884,35465.000,67.857,0.000,2
66.937,35464.000,67.858,0.000,2
66.990,35463.000,67.859,0.000,2
67.044,35462.000,67.860,0.000,2
67.097,35461.000,67.861,0.000,2
67.150,35460.000,67.862,0.000,2
67.203,35459.000,67.863,0.000,2
67.256,35458.000,67.863,0.000,2
67.309,35457.000,67.864,0.000,2
67.362,35456.000,67.865,0.000,2
67.415,35455.000,67.866,0.000,2
67.468,35454.000,67.867,0.000,2
67.521,35453.000,67.868,0.000,2
67.574,35452.000,67.869,0.000,2
67.627,35451.000,67.870,0.000,2
67.680,35450.000,67.871,0.000,2
67.733,35449.000,67.872,0.000,2
67.786,35448.000,67.873,0.000,2
67.839,35447.000,67.874,0.000,2
67.892,35446.000,67.875,0.000,2
67.945,35445.000,67.876,0.000,2
67.998,35444.000,67.876,0.000,2
68.051,35443.000,67.877,0.000,2
68.104,35442.000,67.878,0.000,2
68.157,35441.000,67.879,0.000,2
68.210,35440.000,67.880,0.000,2
68.264,35439.000,67.881,0.000,2
68.317,35438.000,67.882,0.000,2
68.370,35437.000,67.883,0.000,2
68.423,35436.000,67.884,0.000,2
68.476,35435.000,67.885,0.000,2
68.529,35434.000,67.886,0.000,2
68.582,35433.000,67.887,0.000,2
68.635,35432.000,67.888,0.000,2
68.688,35431.000,67.888,0.000,2
68.741,35430.000,67.889,0.000,2
68.794,35429.000,67.890,0.000,2
68.847,35428.000,67.891,0.000,2
68.900,35427.000,67.892,0.000,2
68.953,35426.000,67.893,0.000,2
69.006,35425.000,67.894,0.000,2
69.059,35424.000,67.895,0.000,2
69.112,35423.000,67.896,0.000,2
69.165,35422.000,67.897,0.000,2
69.218,35421.000,67.898,0.000,2
69.271,35420.000,67.899,0.000,2
69.324,35419.000,67.900,0.000,2
69.377,35418.000,67.901,0.000,2
69.430,35417.000,67.901,0.000,2
69.483,35416.000,67.902,0.000,2
69.536,35415.000,67.903,0.000,2
69.589,35414.000,67.904,0.000,2
69.642,35413.000,67.905,0.000,2
69.695,35412.000,67.906,0.000,2
69.748,35411.000,67.907,0.000,2
69.801,35410.000,67.908,0.000,2
69.854,35409.000,67.909,0.000,2
69.907,35408.000,67.910,0.000,2
69.960,35407.000,67.911,0.000,2
70.013,35406.000,67.912,0.000,2
70.066,35405.000,67.912,0.000,2
70.119,35404.000,67.913,0.000,2
70.172,35403.000,67.914,0.000,2
70.225,35402.000,67.915,0.000,2
70.278,35401.000,67.916,0.000,2
70.331,35400.000,67.917,0.000,2
70.384,35399.000,67.918,0.000,2
70.437,35398.000,67.919,0.000,2
70.490,35397.000,67.920,0.000,2
70.543,35396.000,67.921,0.000,2
70.596,35395.000,67.922,0.000,2
70.649,35394.000,67.923,0.000,2
70.702,35393.000,67.924,0.000,2
70.755,35392.000,67.924,0.000,2
70.808,35391.000,67.925,0.000,2
70.861,35390.000,67.926,0.000,2
70.914,35389.000,67.927,0.000,2
70.967,35388.000,67.928,0.000,2
71.020,35387.000,67.929,0.000,2
71.073,35386.000,67.930,0.000,2
71.126,35385.000,67.931,0.000,2
71.179,35384.000,67.932,0.000,2
71.232,35383.000,67.933,0.000,2
71.285,35382.000,67.934,0.000,2
71.338,35381.000,67.935,0.000,2
71.391,35380.000,67.936,0.000,2
71.444,35379.000,67.936,0.000,2
71.497,35378.000,67.937,0.000,2
71.550,35377.000,67.938,0.000,2
71.603,35376.000,67.939,0.000,2
71.656,35375.000,67.940,0.000,2
71.709,35374.000,67.941,0.000,2
71.762,35373.000,67.942,0.000,2
71.815,35372.000,67.943,0.000,2
71.868,35371.000,67.944,0.000,2
71.921,35370.000,67.945,0.000,2
71.974,35369.000,67.946,0.000,2
72.027,35368.000,67.947,0.000,2
72.080,35367.000,67.947,0.000,2
72.133,35366.000,67.948,0.000,2
72.186,35365.000,67.949,0.000,2
72.239,35364.000,67.950,0.000,2
72.292,35363.000,67.951,0.000,2
72.345,35362.000,67.952,0.000,2
72.398,35361.000,67.953,0.000,2
72.451,35360.000,67.954,0.000,2
72.504,35359.000,67.955,0.000,2
72.557,35358.000,67.956,0.000,2
72.610,35357.000,67.957,0.000,2
72.663,35356.000,67.958,0.000,2
72.716,35355.000,67.959,0.000,2
72.769,35354.000,67.959,0.000,2
72.822,35353.000,67.960,0.000,2
72.875,35352.000,67.961,0.000,2
72.928,35351.000,67.962,0.000,2
72.981,35350.000,67.963,0.000,2
73.034,35349.000,67.964,0.000,2
73.087,35348.000,67.965,0.000,2
73.140,35347.000,67.966,0.000,2
73.193,35346.000,67.967,0.000,2
73.246,35345.000,67.968,0.000,2
73.298,35344.000,67.969,0.000,2
73.351,35343.000,67.970,0.000,2
73.404,35342.000,67.970,0.000,2
73.457,35341.000,67.971,0.000,2
73.510,35340.000,67.972,0.000,2
73.563,35339.000,67.973,0.000,2
73.616,35338.000,67.974,0.000,2
73.669,35337.000,67.963,0.000,2
73.722,35336.000,67.951,0.000,2
73.775,35335.000,67.939,0.000,2
73.828,35334.000,67.928,0.000,2
73.881,35333.000,67.916,0.000,2
73.934,35332.000,67.905,0.000,2
73.987,35331.000,67.893,0.000,2
74.040,35330.000,67.882,0.000,2
74.093,35329.000,67.870,0.000,2
74.146,35328.000,67.859,0.000,2
74.199,35327.000,67.847,0.000,2
74.252,35326.000,67.836,0.000,2
74.306,35325.000,67.824,0.000,2
74.359,35324.000,67.812,0.000,2
74.412,35323.000,67.801,0.000,2
74.465,35322.000,67.789,0.000,2
74.518,35321.000,67.778,0.000,2
74.571,35320.000,67.766,0.000,2
74.624,35319.000,67.755,0.000,2
74.677,35318.000,67.743,0.000,2
74.730,35317.000,67.731,0.000,2
74.784,35316.000,67.720,0.000,2
74.837,35315.000,67.708,0.000,2
74.890,35314.000,67.697,0.000,2
74.943,35313.000,67.685,0.000,2
74.996,35312.000,67.661,0.000,2
75.050,35311.000,67.637,0.000,2
75.103,35310.000,67.613,0.000,2
75.156,35309.000,67.589,0.000,2
75.209,35308.000,67.565,0.000,2
75.263,35307.000,67.541,0.000,2
75.316,35306.000,67.516,0.000,2
75.369,35305.000,67.492,0.000,2
75.423,35304.000,67.468,0.000,2
75.476,35303.000,67.444,0.000,2
75.529,35302.000,67.420,0.000,2
75.583,35301.000,67.396,0.000,2
75.636,35300.000,67.372,0.000,2
75.690,35299.000,67.347,0.000,2
75.743,35298.000,67.323,0.000,2
75.797,35297.000,67.299,0.000,2
75.850,35296.000,67.275,0.000,2
75.904,35295.000,67.251,0.000,2
75.957,35294.000,67.227,0.000,2
76.011,35293.000,67.202,0.000,2
76.064,35292.000,67.178,0.000,2
76.118,35291.000,67.154,0.000,2
76.171,35290.000,67.130,0.000,2
76.225,35289.000,67.105,0.000,2
76.279,35288.000,67.081,0.000,2
76.332,35287.000,67.044,0.000,2
76.386,35286.000,67.007,0.000,2
76.440,35285.000,66.971,0.000,2
76.494,35284.000,66.934,0.000,2
76.547,35283.000,66.897,0.000,2
76.601,35282.000,66.860,0.000,2
76.655,35281.000,66.823,0.000,2
76.709,35280.000,66.786,0.000,2
76.763,35279.000,66.749,0.000,2
76.817,35278.000,66.712,0.000,2
76.871,35277.000,66.675,0.000,2
76.925,35276.000,66.638,0.000,2
76.979,35275.000,66.600,0.000,2
77.033,35274.000,66.563,0.000,2
77.087,35273.000,66.526,0.000,2
77.141,35272.000,66.489,0.000,2
77.195,35271.000,66.452,0.000,2
77.250,35270.000,66.415,0.000,2
77.304,35269.000,66.378,0.000,2
77.358,35268.000,66.340,0.000,2
77.412,35267.000,66.303,0.000,2
77.467,35266.000,66.266,0.000,2
77.521,35265.000,66.229,0.000,2
77.575,35264.000,66.191,0.000,2
77.630,35263.000,66.154,0.000,2
77.684,35262.000,66.104,0.000,2
77.739,35261.000,66.054,0.000,2
77.793,35260.000,66.004,0.000,2
77.848,35259.000,65.953,0.000,2
77.902,35258.000,65.903,0.000,2
77.957,35257.000,65.853,0.000,2
78.012,35256.000,65.803,0.000,2
78.066,35255.000,65.752,0.000,2
78.121,35254.000,65.702,0.000,2
78.176,35253.000,65.651,0.000,2
78.231,35252.000,65.601,0.000,2
78.286,35251.000,65.550,0.000,2
78.341,35250.000,65.500,0.000,2
78.396,35249.000,65.449,0.000,2
78.451,35248.000,65.399,0.000,2
78.506,35247.000,65.348,0.000,2
78.561,35246.000,65.297,0.000,2
78.616,35245.000,65.247,0.000,2
78.671,35244.000,65.196,0.000,2
78.726,35243.000,65.145,0.000,2
78.782,35242.000,65.094,0.000,2
78.837,35241.000,65.044,0.000,2
78.892,35240.000,64.993,0.000,2
78.948,35239.000,64.943,0.000,2
79.003,35238.000,64.892,0.000,2
79.059,35237.000,64.842,0.000,2
79.114,35236.000,64.792,0.000,2
79.170,35235.000,64.741,0.000,2
79.226,35234.000,64.691,0.000,2
79.281,35233.000,64.640,0.000,2
79.337,35232.000,64.590,0.000,2
79.393,35231.000,64.539,0.000,2
79.449,35230.000,64.489,0.000,2
79.504,35229.000,64.438,0.000,2
79.560,35228.000,64.388,0.000,2
79.616,35227.000,64.337,0.000,2
79.672,35226.000,64.286,0.000,2
79.728,35225.000,64.236,0.000,2
79.784,35224.000,64.185,0.000,2
79.840,35223.000,64.134,0.000,2
79.897,35222.000,64.083,0.000,2
79.953,35221.000,64.033,0.000,2
80.009,35220.000,63.982,0.000,2
80.065,35219.000,63.931,0.000,2
80.122,35218.000,63.880,0.000,2
80.178,35217.000,63.829,0.000,2
80.234,35216.000,63.778,0.000,2
80.291,35215.000,63.727,0.000,2
80.347,35214.000,63.676,0.000,2
80.404,35213.000,63.624,0.000,2
80.461,35212.000,63.573,0.000,2
80.517,35211.000,63.522,0.000,2
80.574,35210.000,63.471,0.000,2
80.631,35209.000,63.419,0.000,2
80.687,35208.000,63.368,0.000,2
80.744,35207.000,63.317,0.000,2
80.801,35206.000,63.265,0.000,2
80.858,35205.000,63.214,0.000,2
80.915,35204.000,63.162,0.000,2
80.972,35203.000,63.111,0.000,2
81.029,35202.000,63.059,0.000,2
81.086,35201.000,63.008,0.000,2
81.143,35200.000,62.956,0.000,2
81.201,35199.000,62.904,0.000,2
81.258,35198.000,62.853,0.000,2
81.315,35197.000,62.801,0.000,2
81.372,35196.000,62.749,0.000,2
81.430,35195.000,62.697,0.000,2
81.487,35194.000,62.646,0.000,2
81.545,35193.000,62.594,0.000,2
81.602,35192.000,62.542,0.000,2
81.660,35191.000,62.490,0.000,2
81.718,35190.000,62.438,0.000,2
81.775,35189.000,62.386,0.000,2
81.833,35188.000,62.334,0.000,2
81.891,35187.000,62.282,0.000,2
81.949,35186.000,62.229,0.000,2
82.006,35185.000,62.177,0.000,2
82.064,35184.000,62.125,0.000,2
82.122,35183.000,62.073,0.000,2
82.180,35182.000,62.020,0.000,2
82.238,35181.000,61.968,0.000,2
82.297,35180.000,61.916,0.000,2
82.355,35179.000,61.863,0.000,2
82.413,35178.000,61.811,0.000,2
82.471,35177.000,61.758,0.000,2
82.530,35176.000,61.706,0.000,2
82.588,35175.000,61.653,0.000,2
82.646,35174.000,61.600,0.000,2
82.705,35173.000,61.548,0.000,2
82.763,35172.000,61.495,0.000,2
82.822,35171.000,61.442,0.000,2
82.880,35170.000,61.389,0.000,2
82.939,35169.000,61.337,0.000,2
82.998,35168.000,61.284,0.000,2
83.057,35167.000,61.231,0.000,2
83.115,35166.000,61.178,0.000,2
83.174,35165.000,61.125,0.000,2
83.233,35164.000,61.072,0.000,2
83.292,35163.000,61.019,0.000,2
83.351,35162.000,60.965,0.000,2
83.410,35161.000,60.912,0.000,2
83.469,35160.000,60.859,0.000,2
83.529,35159.000,60.806,0.000,2
83.588,35158.000,60.753,0.000,2
83.647,35157.000,60.699,0.000,2
83.706,35156.000,60.646,0.000,2
83.766,35155.000,60.592,0.000,2
83.825,35154.000,60.539,0.000,2
83.885,35153.000,60.485,0.000,2
83.944,35152.000,60.432,0.000,2
84.004,35151.000,60.378,0.000,2
84.064,35150.000,60.325,0.000,2
84.123,35149.000,60.271,0.000,2
84.183,35148.000,60.217,0.000,2
84.243,35147.000,60.164,0.000,2
84.303,35146.000,60.110,0.000,2
84.363,35145.000,60.056,0.000,2
84.423,35144.000,60.002,0.000,2
84.483,35143.000,59.949,0.000,2
84.543,35142.000,59.896,0.000,2
84.603,35141.000,59.842,0.000,2
84.663,35140.000,59.789,0.000,2
84.723,35139.000,59.735,0.000,2
84.784,35138.000,59.682,0.000,2
84.844,35137.000,59.629,0.000,2
84.904,35136.000,59.575,0.000,2
84.965,35135.000,59.521,0.000,2
85.025,35134.000,59.468,0.000,2
85.086,35133.000,59.414,0.000,2
85.146,35132.000,59.361,0.000,2
85.207,35131.000,59.307,0.000,2
85.268,35130.000,59.253,0.000,2
85.329,35129.000,59.199,0.000,2
85.389,35128.000,59.145,0.000,2
85.450,35127.000,59.091,0.000,2
85.511,35126.000,59.037,0.000,2
85.572,35125.000,58.983,0.000,2
85.633,35124.000,58.929,0.000,2
85.695,35123.000,58.875,0.000,2
85.756,35122.000,58.821,0.000,2
85.817,35121.000,58.767,0.000,2
85.878,35120.000,58.713,0.000,2
85.940,35119.000,58.658,0.000,2
86.001,35118.000,58.604,0.000,2
86.062,35117.000,58.550,0.000,2
86.124,35116.000,58.495,0.000,2
86.185,35115.000,58.441,0.000,2
86.247,35114.000,58.386,0.000,2
86.309,35113.000,58.332,0.000,2
86.371,35112.000,58.277,0.000,2
86.432,35111.000,58.223,0.000,2
86.494,35110.000,58.168,0.000,2
86.556,35109.000,58.113,0.000,2
86.618,35108.000,58.058,0.000,2
86.680,35107.000,58.004,0.000,2
86.742,35106.000,57.949,0.000,2
86.804,35105.000,57.894,0.000,2
86.867,35104.000,57.839,0.000,2
86.929,35103.000,57.784,0.000,2
86.991,35102.000,57.729,0.000,2
87.054,35101.000,57.674,0.000,2
87.116,35100.000,57.618,0.000,2
87.179,35099.000,57.563,0.000,2
87.241,35098.000,57.508,0.000,2
87.304,35097.000,57.453,0.000,2
87.366,35096.000,57.397,0.000,2
87.429,35095.000,57.342,0.000,2
87.492,35094.000,57.286,0.000,2
87.555,35093.000,57.231,0.000,2
87.618,35092.000,57.175,0.000,2
87.681,35091.000,57.120,0.000,2
87.744,35090.000,57.064,0.000,2
87.807,35089.000,57.009,0.000,2
87.870,35088.000,56.953,0.000,2
87.933,35087.000,56.897,0.000,2
87.997,35086.000,56.841,0.000,2
88.060,35085.000,56.785,0.000,2
88.124,35084.000,56.729,0.000,2
88.187,35083.000,56.673,0.000,2
88.251,35082.000,56.617,0.000,2
88.314,35081.000,56.561,0.000,2
88.378,35080.000,56.505,0.000,2
88.442,35079.000,56.449,0.000,2
88.505,35078.000,56.393,0.000,2
88.569,35077.000,56.336,0.000,2
88.633,35076.000,56.280,0.000,2
88.697,35075.000,56.224,0.000,2
88.761,35074.000,56.167,0.000,2
88.825,35073.000,56.111,0.000,2
88.890,35072.000,56.054,0.000,2
88.954,35071.000,55.998,0.000,2
89.018,35070.000,55.941,0.000,2
89.083,35069.000,55.884,0.000,2
89.147,35068.000,55.827,0.000,2
89.212,35067.000,55.771,0.000,2
89.276,35066.000,55.714,0.000,2
89.341,35065.000,55.657,0.000,2
89.405,35064.000,55.600,0.000,2
89.470,35063.000,55.543,0.000,2
89.535,35062.000,55.486,0.000,2
89.600,35061.000,55.429,0.000,2
89.665,35060.000,55.372,0.000,2
89.730,35059.000,55.314,0.000,2
89.795,35058.000,55.257,0.000,2
89.860,35057.000,55.200,0.000,2
89.926,35056.000,55.142,0.000,2
89.991,35055.000,55.085,0.000,2
90.056,35054.000,55.027,0.000,2
90.122,35053.000,54.970,0.000,2
90.187,35052.000,54.913,0.000,2
90.253,35051.000,54.856,0.000,2
90.319,35050.000,54.799,0.000,2
90.384,35049.000,54.742,0.000,2
90.450,35048.000,54.685,0.000,2
90.516,35047.000,54.628,0.000,2
90.582,35046.000,54.570,0.000,2
90.648,35045.000,54.513,0.000,2
90.714,35044.000,54.456,0.000,2
90.780,35043.000,54.398,0.000,2
90.846,35042.000,54.341,0.000,2
90.913,35041.000,54.284,0.000,2
90.979,35040.000,54.226,0.000,2
91.045,35039.000,54.168,0.000,2
91.112,35038.000,54.111,0.000,2
91.178,35037.000,54.053,0.000,2
91.245,35036.000,53.995,0.000,2
91.312,35035.000,53.937,0.000,2
91.379,35034.000,53.880,0.000,2
91.445,35033.000,53.822,0.000,2
91.512,35032.000,53.764,0.000,2
91.579,35031.000,53.706,0.000,2
91.646,35030.000,53.647,0.000,2
91.714,35029.000,53.589,0.000,2
91.781,35028.000,53.531,0.000,2
91.848,35027.000,53.473,0.000,2
91.915,35026.000,53.414,0.000,2
91.983,35025.000,53.356,0.000,2
92.050,35024.000,53.298,0.000,2
92.118,35023.000,53.239,0.000,2
92.186,35022.000,53.180,0.000,2
92.253,35021.000,53.122,0.000,2
92.321,35020.000,53.063,0.000,2
92.389,35019.000,53.004,0.000,2
92.457,35018.000,52.946,0.000,2
92.525,35017.000,52.887,0.000,2
92.593,35016.000,52.828,0.000,2
92.661,35015.000,52.769,0.000,2
92.730,35014.000,52.710,0.000,2
92.798,35013.000,52.651,0.000,2
92.866,35012.000,52.591,0.000,2
92.935,35011.000,52.532,0.000,2
93.003,35010.000,52.473,0.000,2
93.072,35009.000,52.413,0.000,2
93.141,35008.000,52.354,0.000,2
93.210,35007.000,52.295,0.000,2
93.278,35006.000,52.235,0.000,2
93.347,35005.000,52.175,0.000,2
93.416,35004.000,52.116,0.000,2
93.485,35003.000,52.056,0.000,2
93.555,35002.000,51.996,0.000,2
93.624,35001.000,51.936,0.000,2
93.693,35000.000,51.876,0.000,2
93.763,34999.000,51.816,0.000,2
93.832,34998.000,51.756,0.000,2
93.902,34997.000,51.696,0.000,2
93.972,34996.000,51.636,0.000,2
94.041,34995.000,51.576,0.000,2
94.111,34994.000,51.516,0.000,2
94.181,34993.000,51.455,0.000,2
94.251,34992.000,51.395,0.000,2
94.321,34991.000,51.334,0.000,2
94.391,34990.000,51.274,0.000,2
94.462,34989.000,51.213,0.000,2
94.532,34988.000,51.152,0.000,2
94.602,34987.000,51.092,0.000,2
94.673,34986.000,51.031,0.000,2
94.743,34985.000,50.970,0.000,2
94.814,34984.000,50.909,0.000,2
94.885,34983.000,50.848,0.000,2
94.956,34982.000,50.787,0.000,2
95.027,34981.000,50.726,0.000,2
95.098,34980.000,50.664,0.000,2
95.169,34979.000,50.603,0.000,2
95.240,34978.000,50.542,0.000,2
95.311,34977.000,50.480,0.000,2
95.383,34976.000,50.419,0.000,2
95.454,34975.000,50.357,0.000,2
95.526,34974.000,50.296,0.000,2
95.597,34973.000,50.234,0.000,2
95.669,34972.000,50.172,0.000,2
95.741,34971.000,50.110,0.000,2
95.813,34970.000,50.048,0.000,2
95.885,34969.000,49.986,0.000,2
95.957,34968.000,49.925,0.000,2
96.029,34967.000,49.864,0.000,2
96.101,34966.000,49.802,0.000,2
96.173,34965.000,49.741,0.000,2
96.246,34964.000,49.679,0.000,2
96.318,34963.000,49.617,0.000,2
96.391,34962.000,49.556,0.000,2
96.464,34961.000,49.494,0.000,2
96.536,34960.000,49.432,0.000,2
96.609,34959.000,49.370,0.000,2
96.682,34958.000,49.308,0.000,2
96.755,34957.000,49.257,0.000,2
96.828,34956.000,49.207,0.000,2
96.902,34955.000,49.156,0.000,2
96.975,34954.000,49.106,0.000,2
97.048,34953.000,49.055,0.000,2
97.122,34952.000,49.004,0.000,2
97.195,34951.000,48.953,0.000,2
97.269,34950.000,48.903,0.000,2
97.342,34949.000,48.852,0.000,2
97.416,34948.000,48.801,0.000,2
97.490,34947.000,48.750,0.000,2
97.564,34946.000,48.699,0.000,2
97.638,34945.000,48.648,0.000,2
97.712,34944.000,48.597,0.000,2
97.786,34943.000,48.546,0.000,2
97.860,34942.000,48.494,0.000,2
97.934,34941.000,48.443,0.000,2
98.009,34940.000,48.392,0.000,2
98.083,34939.000,48.340,0.000,2
98.158,34938.000,48.289,0.000,2
98.232,34937.000,48.238,0.000,2
98.307,34936.000,48.186,0.000,2
98.382,34935.000,48.135,0.000,2
98.456,34934.000,48.083,0.000,2
98.531,34933.000,48.031,0.000,2
98.606,34932.000,47.992,0.000,2
98.681,34931.000,47.952,0.000,2
98.757,34930.000,47.912,0.000,2
98.832,34929.000,47.872,0.000,2
98.907,34928.000,47.832,0.000,2
98.982,34927.000,47.792,0.000,2
99.058,34926.000,47.752,0.000,2
99.133,34925.000,47.712,0.000,2
99.208,34924.000,47.672,0.000,2
99.284,34923.000,47.632,0.000,2
99.360,34922.000,47.592,0.000,2
99.435,34921.000,47.552,0.000,2
99.511,34920.000,47.512,0.000,2
99.587,34919.000,47.472,0.000,2
99.663,34918.000,47.432,0.000,2
99.739,34917.000,47.392,0.000,2
99.815,34916.000,47.351,0.000,2
99.891,34915.000,47.311,0.000,2
99.967,34914.000,47.271,0.000,2
100.043,34913.000,47.231,0.000,2
100.119,34912.000,47.190,0.000,2
100.196,34911.000,47.150,0.000,2
100.272,34910.000,47.109,0.000,2
100.348,34909.000,47.069,0.000,2
100.425,34908.000,47.028,0.000,2
100.502,34907.000,47.000,0.000,2
100.578,34906.000,46.972,0.000,2
100.655,34905.000,46.943,0.000,2
100.731,34904.000,46.915,0.000,2
100.808,34903.000,46.887,0.000,2
100.885,34902.000,46.858,0.000,2
100.962,34901.000,46.830,0.000,2
101.039,34900.000,46.802,0.000,2
101.116,34899.000,46.773,0.000,2
101.193,34898.000,46.745,0.000,2
101.270,34897.000,46.716,0.000,2
101.347,34896.000,46.688,0.000,2
101.424,34895.000,46.659,0.000,2
101.501,34894.000,46.631,0.000,2
101.578,34893.000,46.602,0.000,2
101.656,34892.000,46.574,0.000,2
101.733,34891.000,46.545,0.000,2
101.810,34890.000,46.517,0.000,2
101.888,34889.000,46.488,0.000,2
101.965,34888.000,46.459,0.000,2
102.043,34887.000,46.431,0.000,2
102.121,34886.000,46.335,-111.000,3
102.199,34885.000,46.139,-111.000,3
102.277,34884.000,45.941,-111.000,3
102.356,34883.000,45.755,-111.000,3
102.435,34882.000,45.568,-111.000,3
102.515,34881.000,45.381,-111.000,3
102.595,34880.000,45.193,-111.000,3
102.675,34879.000,45.005,-111.000,3
102.755,34878.000,44.816,-111.000,3
102.836,34877.000,44.626,-111.000,3
102.917,34876.000,44.435,-111.000,3
102.999,34875.000,44.244,-111.000,3
103.081,34874.000,44.052,-111.000,3
103.163,34873.000,43.859,-111.000,3
103.246,34872.000,43.665,-111.000,3
103.329,34871.000,43.471,-111.000,3
103.412,34870.000,43.275,-111.000,3
103.496,34869.000,43.079,-111.000,3
103.580,34868.000,42.882,-111.000,3
103.665,34867.000,42.683,-111.000,3
103.749,34866.000,42.484,-111.000,3
103.835,34865.000,42.284,-111.000,3
103.921,34864.000,42.084,-111.000,3
104.007,34863.000,41.882,-111.000,3
104.093,34862.000,41.679,-111.000,3
104.180,34861.000,41.475,-111.000,3
104.268,34860.000,41.271,-111.000,3
104.356,34859.000,41.065,-111.000,3
104.444,34858.000,40.872,-111.000,3
104.533,34857.000,40.679,-111.000,3
104.622,34856.000,40.484,-111.000,3
104.711,34855.000,40.289,-111.000,3
104.801,34854.000,40.092,-111.000,3
104.892,34853.000,39.896,-111.000,3
104.983,34852.000,39.698,-111.000,3
105.074,34851.000,39.500,-111.000,3
105.166,34850.000,39.300,-111.000,3
105.258,34849.000,39.100,-111.000,3
105.351,34848.000,38.899,-111.000,3
105.444,34847.000,38.696,-111.000,3
105.538,34846.000,38.493,-111.000,3
105.632,34845.000,38.288,-111.000,3
105.727,34844.000,38.082,-111.000,3
105.822,34843.000,37.876,-111.000,3
105.918,34842.000,37.668,-111.000,3
106.015,34841.000,37.459,-111.000,3
106.112,34840.000,37.249,-111.000,3
106.209,34839.000,37.038,-111.000,3
106.307,34838.000,36.825,-111.000,3
106.406,34837.000,36.611,-111.000,3
106.505,34836.000,36.397,-111.000,3
106.605,34835.000,36.180,-111.000,3
106.705,34834.000,35.963,-111.000,3
106.806,34833.000,35.760,-111.000,3
106.908,34832.000,35.557,-111.000,3
107.010,34831.000,35.352,-111.000,3
107.112,34830.000,35.145,-111.000,3
107.216,34829.000,34.939,-111.000,3
107.320,34828.000,34.731,-111.000,3
107.424,34827.000,34.522,-111.000,3
107.530,34826.000,34.312,-111.000,3
107.636,34825.000,34.101,-111.000,3
107.742,34824.000,33.888,-111.000,3
107.849,34823.000,33.674,-111.000,3
107.957,34822.000,33.458,-111.000,3
108.066,34821.000,33.241,-111.000,3
108.175,34820.000,33.023,-111.000,3
108.285,34819.000,32.804,-111.000,3
108.396,34818.000,32.583,-111.000,3
108.508,34817.000,32.360,-111.000,3
108.620,34816.000,32.136,-111.000,3
108.734,34815.000,31.910,-111.000,3
108.848,34814.000,31.683,-111.000,3
108.962,34813.000,31.454,-111.000,3
109.078,34812.000,31.224,-111.000,3
109.195,34811.000,30.992,-111.000,3
109.312,34810.000,30.758,-111.000,3
109.431,34809.000,30.522,-111.000,3
109.550,34808.000,30.304,-111.000,3
109.670,34807.000,30.084,-111.000,3
109.791,34806.000,29.863,-111.000,3
109.913,34805.000,29.641,-111.000,3
110.036,34804.000,29.416,-111.000,3
110.160,34803.000,29.191,-111.000,3
110.284,34802.000,28.963,-111.000,3
110.410,34801.000,28.734,-111.000,3
110.537,34800.000,28.503,-111.000,3
110.665,34799.000,28.270,-111.000,3
110.794,34798.000,28.035,-111.000,3
110.924,34797.000,27.798,-111.000,3
111.055,34796.000,27.559,-111.000,3
111.187,34795.000,27.319,-111.000,3
111.321,34794.000,27.076,-111.000,3
111.456,34793.000,26.831,-111.000,3
111.592,34792.000,26.583,-111.000,3
111.729,34791.000,26.334,-111.000,3
111.868,34790.000,26.082,-111.000,3
112.008,34789.000,25.827,-111.000,3
112.150,34788.000,25.570,-111.000,3
112.293,34787.000,25.311,-111.000,3
112.437,34786.000,25.049,-111.000,3
112.583,34785.000,24.785,-111.000,3
112.731,34784.000,24.518,-111.000,3
112.880,34783.000,24.248,-111.000,3
113.031,34782.000,23.976,-111.000,3
113.184,34781.000,23.700,-111.000,3
113.338,34780.000,23.421,-111.000,3
113.495,34779.000,23.139,-111.000,3
113.654,34778.000,22.853,-111.000,3
113.814,34777.000,22.564,-111.000,3
113.977,34776.000,22.271,-111.000,3
114.142,34775.000,21.974,-111.000,3
114.309,34774.000,21.673,-111.000,3
114.479,34773.000,21.368,-111.000,3
114.651,34772.000,21.059,-111.000,3
114.826,34771.000,20.745,-111.000,3
115.004,34770.000,20.426,-111.000,3
115.184,34769.000,20.102,-111.000,3
115.368,34768.000,19.774,-111.000,3
115.555,34767.000,19.441,-111.000,3
115.745,34766.000,19.102,-111.000,3
115.938,34765.000,18.757,-111.000,3
116.136,34764.000,18.405,-111.000,3
116.338,34763.000,18.046,-111.000,3
116.543,34762.000,17.681,-111.000,3
116.754,34761.000,17.307,-111.000,3
116.969,34760.000,16.926,-111.000,3
117.189,34759.000,16.536,-111.000,3
117.415,34758.000,16.136,-111.000,3
117.647,34757.000,15.727,-111.000,3
117.886,34756.000,15.306,-111.000,3
118.131,34755.000,14.875,-111.000,3
118.385,34754.000,14.431,-111.000,3
118.647,34753.000,13.973,-111.000,3
118.919,34752.000,13.500,-111.000,3
119.201,34751.000,13.010,-111.000,3
119.495,34750.000,12.500,-111.000,3
119.803,34749.000,11.969,-111.000,3
120.127,34748.000,11.413,-111.000,3
120.469,34747.000,10.830,-111.000,3
120.833,34746.000,10.213,-111.000,3
121.224,34745.000,9.557,-111.000,3
121.649,34744.000,8.854,-111.000,3
122.118,34743.000,8.091,-111.000,3
122.650,34742.000,7.247,-111.000,3
123.279,34741.000,6.292,-111.000,3
124.091,34740.000,5.163,-111.000,3
126.033,34739.000,3.707,-111.000,3
126.033,34738.000,0.000,0.000,3
