线路：FZ601,优化区间：16->17,设定时间：175,实际时间：174.985,时间差异：-0.0149994,能耗(kWh)：22.852,算法执行时间(s)：1.075
相对时间,位置,速度,力,操纵工况
0.000,6855.000,0.000,0.000,0
1.364,6854.000,5.275,264.000,0
1.927,6853.000,7.514,264.000,0
2.358,6852.000,9.224,264.000,0
2.720,6851.000,10.663,264.000,0
3.038,6850.000,11.928,264.000,0
3.326,6849.000,13.071,264.000,0
3.591,6848.000,14.121,264.000,0
3.838,6847.000,15.099,264.000,0
4.069,6846.000,16.015,264.000,0
4.288,6845.000,16.882,264.000,0
4.496,6844.000,17.706,264.000,0
4.695,6843.000,18.493,264.000,0
4.886,6842.000,19.248,264.000,0
5.069,6841.000,19.975,264.000,0
5.246,6840.000,20.675,264.000,0
5.418,6839.000,21.352,264.000,0
5.584,6838.000,22.008,264.000,0
5.745,6837.000,22.645,264.000,0
5.902,6836.000,23.264,264.000,0
6.055,6835.000,23.867,264.000,0
6.204,6834.000,24.455,264.000,0
6.349,6833.000,25.029,264.000,0
6.491,6832.000,25.585,264.000,0
6.631,6831.000,26.129,264.000,0
6.767,6830.000,26.662,264.000,0
6.901,6829.000,27.184,264.000,0
7.032,6828.000,27.696,264.000,0
7.161,6827.000,28.199,264.000,0
7.287,6826.000,28.693,264.000,0
7.412,6825.000,29.179,264.000,0
7.534,6824.000,29.657,264.000,0
7.654,6823.000,30.127,264.000,0
7.773,6822.000,30.589,264.000,0
7.890,6821.000,31.044,264.000,0
8.005,6820.000,31.492,264.000,0
8.118,6819.000,31.934,264.000,0
8.230,6818.000,32.370,264.000,0
8.341,6817.000,32.800,264.000,0
8.450,6816.000,33.224,264.000,0
8.558,6815.000,33.643,264.000,0
8.664,6814.000,34.057,264.000,0
8.769,6813.000,34.466,264.000,0
8.873,6812.000,34.870,264.000,0
8.976,6811.000,35.269,264.000,0
9.077,6810.000,35.663,264.000,0
9.177,6809.000,36.053,264.000,0
9.277,6808.000,36.438,264.000,0
9.375,6807.000,36.820,264.000,0
9.472,6806.000,37.197,264.000,0
9.569,6805.000,37.571,264.000,0
9.664,6804.000,37.940,264.000,0
9.758,6803.000,38.307,264.000,0
9.852,6802.000,38.669,264.000,0
9.945,6801.000,39.029,264.000,0
10.036,6800.000,39.385,264.000,0
10.127,6799.000,39.737,264.000,0
10.218,6798.000,40.087,264.000,0
10.307,6797.000,40.433,264.000,0
10.396,6796.000,40.776,264.000,0
10.484,6795.000,41.116,264.000,0
10.571,6794.000,41.444,257.000,0
10.657,6793.000,41.770,257.000,0
10.743,6792.000,42.094,257.000,0
10.828,6791.000,42.407,251.000,0
10.913,6790.000,42.718,251.000,0
10.997,6789.000,43.026,251.000,0
11.080,6788.000,43.325,245.000,0
11.163,6787.000,43.622,245.000,0
11.245,6786.000,43.917,245.000,0
11.327,6785.000,44.210,245.000,0
11.408,6784.000,44.495,240.000,0
11.489,6783.000,44.777,240.000,0
11.569,6782.000,45.057,240.000,0
11.649,6781.000,45.329,234.000,0
11.728,6780.000,45.599,234.000,0
11.807,6779.000,45.868,234.000,0
11.885,6778.000,46.135,234.000,0
11.963,6777.000,46.394,229.000,0
12.040,6776.000,46.652,229.000,0
12.117,6775.000,46.908,229.000,0
12.194,6774.000,47.163,229.000,0
12.270,6773.000,47.411,224.000,0
12.345,6772.000,47.658,224.000,0
12.421,6771.000,47.903,224.000,0
12.496,6770.000,48.147,224.000,0
12.570,6769.000,48.385,220.000,0
12.645,6768.000,48.613,220.000,0
12.718,6767.000,48.840,220.000,0
12.792,6766.000,49.066,220.000,0
12.865,6765.000,49.285,215.000,0
12.938,6764.000,49.504,215.000,0
13.011,6763.000,49.722,215.000,0
13.083,6762.000,49.939,215.000,0
13.155,6761.000,50.154,215.000,0
13.226,6760.000,50.364,211.000,0
13.298,6759.000,50.573,211.000,0
13.369,6758.000,50.780,211.000,0
13.440,6757.000,50.987,211.000,0
13.510,6756.000,51.193,211.000,0
13.580,6755.000,51.394,207.000,0
13.650,6754.000,51.594,207.000,0
13.720,6753.000,51.794,207.000,0
13.789,6752.000,51.992,207.000,0
13.858,6751.000,52.190,207.000,0
13.927,6750.000,52.383,203.000,0
13.996,6749.000,52.575,203.000,0
14.064,6748.000,52.766,203.000,0
14.132,6747.000,52.957,203.000,0
14.200,6746.000,53.147,203.000,0
14.268,6745.000,53.332,199.000,0
14.335,6744.000,53.517,199.000,0
14.402,6743.000,53.693,199.000,0
14.469,6742.000,53.869,199.000,0
14.536,6741.000,54.044,199.000,0
14.602,6740.000,54.215,195.000,0
14.669,6739.000,54.385,195.000,0
14.735,6738.000,54.555,195.000,0
14.801,6737.000,54.724,195.000,0
14.866,6736.000,54.893,195.000,0
14.932,6735.000,55.061,195.000,0
14.997,6734.000,55.224,192.000,0
15.062,6733.000,55.387,192.000,0
15.127,6732.000,55.549,192.000,0
15.192,6731.000,55.711,192.000,0
15.256,6730.000,55.873,192.000,0
15.321,6729.000,56.034,192.000,0
15.385,6728.000,56.191,188.000,0
15.449,6727.000,56.348,188.000,0
15.513,6726.000,56.504,188.000,0
15.576,6725.000,56.660,188.000,0
15.640,6724.000,56.815,188.000,0
15.703,6723.000,56.970,188.000,0
15.766,6722.000,57.125,188.000,0
15.829,6721.000,57.276,185.000,0
15.892,6720.000,57.426,185.000,0
15.954,6719.000,57.576,185.000,0
16.017,6718.000,57.719,185.000,0
16.079,6717.000,57.861,185.000,0
16.141,6716.000,58.003,185.000,0
16.203,6715.000,58.141,182.000,0
16.265,6714.000,58.279,182.000,0
16.327,6713.000,58.417,182.000,0
16.388,6712.000,58.555,182.000,0
16.450,6711.000,58.692,182.000,0
16.511,6710.000,58.829,182.000,0
16.572,6709.000,58.965,182.000,0
16.633,6708.000,59.101,182.000,0
16.694,6707.000,59.234,178.000,0
16.755,6706.000,59.367,178.000,0
16.815,6705.000,59.499,178.000,0
16.876,6704.000,59.631,178.000,0
16.936,6703.000,59.763,178.000,0
16.996,6702.000,59.894,178.000,0
17.056,6701.000,60.026,178.000,0
17.116,6700.000,60.153,176.000,0
17.176,6699.000,60.280,176.000,0
17.236,6698.000,60.407,176.000,0
17.295,6697.000,60.534,176.000,0
17.354,6696.000,60.660,176.000,0
17.414,6695.000,60.786,176.000,0
17.473,6694.000,60.912,176.000,0
17.532,6693.000,61.031,176.000,0
17.591,6692.000,61.146,173.000,0
17.650,6691.000,61.262,173.000,0
17.708,6690.000,61.378,173.000,0
17.767,6689.000,61.493,173.000,0
17.826,6688.000,61.608,173.000,0
17.884,6687.000,61.722,173.000,0
17.942,6686.000,61.837,173.000,0
18.000,6685.000,61.951,173.000,0
18.058,6684.000,62.065,173.000,0
18.116,6683.000,62.177,170.000,0
18.174,6682.000,62.288,170.000,0
18.232,6681.000,62.399,170.000,0
18.290,6680.000,62.510,170.000,0
18.347,6679.000,62.620,170.000,0
18.405,6678.000,62.731,170.000,0
18.462,6677.000,62.841,170.000,0
18.519,6676.000,62.951,170.000,0
18.576,6675.000,63.061,170.000,0
18.633,6674.000,63.168,167.000,0
18.690,6673.000,63.275,167.000,0
18.747,6672.000,63.382,167.000,0
18.804,6671.000,63.489,167.000,0
18.861,6670.000,63.595,167.000,0
18.917,6669.000,63.702,167.000,0
18.974,6668.000,63.808,167.000,0
19.030,6667.000,63.914,167.000,0
19.086,6666.000,64.020,167.000,0
19.142,6665.000,64.123,165.000,0
19.198,6664.000,64.226,165.000,0
19.254,6663.000,64.329,165.000,0
19.310,6662.000,64.432,165.000,0
19.366,6661.000,64.535,165.000,0
19.422,6660.000,64.637,165.000,0
19.478,6659.000,64.740,165.000,0
19.533,6658.000,64.842,165.000,0
19.589,6657.000,64.944,165.000,0
19.644,6656.000,65.046,165.000,0
19.699,6655.000,65.144,162.000,0
19.755,6654.000,65.242,162.000,0
19.810,6653.000,65.340,162.000,0
19.865,6652.000,65.439,162.000,0
19.920,6651.000,65.536,162.000,0
19.975,6650.000,65.634,162.000,0
20.029,6649.000,65.732,162.000,0
20.084,6648.000,65.829,162.000,0
20.139,6647.000,65.926,162.000,0
20.193,6646.000,66.023,162.000,0
20.248,6645.000,66.116,157.000,0
20.302,6644.000,66.209,157.000,0
20.357,6643.000,66.302,157.000,0
20.411,6642.000,66.394,157.000,0
20.465,6641.000,66.487,157.000,0
20.519,6640.000,66.579,157.000,0
20.573,6639.000,66.671,157.000,0
20.627,6638.000,66.763,157.000,0
20.681,6637.000,66.855,157.000,0
20.735,6636.000,66.947,157.000,0
20.789,6635.000,67.038,157.000,0
20.842,6634.000,67.126,152.000,0
20.896,6633.000,67.214,152.000,0
20.949,6632.000,67.301,152.000,0
21.003,6631.000,67.389,152.000,0
21.056,6630.000,67.476,152.000,0
21.110,6629.000,67.563,152.000,0
21.163,6628.000,67.650,152.000,0
21.216,6627.000,67.737,152.000,0
21.269,6626.000,67.824,152.000,0
21.322,6625.000,67.910,152.000,0
21.375,6624.000,67.997,152.000,0
21.428,6623.000,68.083,152.000,0
21.481,6622.000,68.166,148.000,0
21.534,6621.000,68.248,148.000,0
21.586,6620.000,68.331,148.000,0
21.639,6619.000,68.413,148.000,0
21.692,6618.000,68.496,148.000,0
21.744,6617.000,68.578,148.000,0
21.797,6616.000,68.660,148.000,0
21.849,6615.000,68.742,148.000,0
21.901,6614.000,68.824,148.000,0
21.954,6613.000,68.906,148.000,0
22.006,6612.000,68.987,148.000,0
22.058,6611.000,69.069,148.000,0
22.110,6610.000,69.147,143.000,0
22.162,6609.000,69.225,143.000,0
22.214,6608.000,69.303,143.000,0
22.266,6607.000,69.381,143.000,0
22.318,6606.000,69.459,143.000,0
22.370,6605.000,69.537,143.000,0
22.421,6604.000,69.614,143.000,0
22.473,6603.000,69.692,143.000,0
22.525,6602.000,69.769,143.000,0
22.576,6601.000,69.846,143.000,0
22.628,6600.000,69.924,143.000,0
22.679,6599.000,70.001,143.000,0
22.731,6598.000,70.075,139.000,0
22.782,6597.000,70.148,139.000,0
22.833,6596.000,70.221,139.000,0
22.885,6595.000,70.294,139.000,0
22.936,6594.000,70.367,139.000,0
22.987,6593.000,70.439,139.000,0
23.038,6592.000,70.512,139.000,0
23.089,6591.000,70.585,139.000,0
23.140,6590.000,70.657,139.000,0
23.191,6589.000,70.730,139.000,0
23.242,6588.000,70.802,139.000,0
23.293,6587.000,70.875,139.000,0
23.343,6586.000,70.947,139.000,0
23.394,6585.000,71.019,139.000,0
23.445,6584.000,71.088,135.000,0
23.495,6583.000,71.157,135.000,0
23.546,6582.000,71.226,135.000,0
23.596,6581.000,71.295,135.000,0
23.647,6580.000,71.364,135.000,0
23.697,6579.000,71.433,135.000,0
23.748,6578.000,71.501,135.000,0
23.798,6577.000,71.570,135.000,0
23.848,6576.000,71.638,135.000,0
23.898,6575.000,71.707,135.000,0
23.949,6574.000,71.775,135.000,0
23.999,6573.000,71.844,135.000,0
24.049,6572.000,71.912,135.000,0
24.099,6571.000,71.980,135.000,0
24.149,6570.000,72.048,135.000,0
24.199,6569.000,72.113,132.000,0
24.249,6568.000,72.178,132.000,0
24.299,6567.000,72.244,132.000,0
24.348,6566.000,72.309,132.000,0
24.398,6565.000,72.374,132.000,0
24.448,6564.000,72.439,132.000,0
24.498,6563.000,72.503,132.000,0
24.547,6562.000,72.568,132.000,0
24.597,6561.000,72.633,132.000,0
24.646,6560.000,72.697,132.000,0
24.696,6559.000,72.762,132.000,0
24.745,6558.000,72.827,132.000,0
24.795,6557.000,72.891,132.000,0
24.844,6556.000,72.955,132.000,0
24.893,6555.000,73.020,132.000,0
24.943,6554.000,73.081,128.000,0
24.992,6553.000,73.143,128.000,0
25.041,6552.000,73.205,128.000,0
25.090,6551.000,73.266,128.000,0
25.139,6550.000,73.327,128.000,0
25.188,6549.000,73.389,128.000,0
25.237,6548.000,73.450,128.000,0
25.286,6547.000,73.511,128.000,0
25.335,6546.000,73.572,128.000,0
25.384,6545.000,73.633,128.000,0
25.433,6544.000,73.695,128.000,0
25.482,6543.000,73.756,128.000,0
25.531,6542.000,73.816,128.000,0
25.580,6541.000,73.877,128.000,0
25.628,6540.000,73.938,128.000,0
25.677,6539.000,73.999,128.000,0
25.726,6538.000,74.060,128.000,0
25.774,6537.000,74.118,124.000,0
25.823,6536.000,74.176,124.000,0
25.871,6535.000,74.234,124.000,0
25.920,6534.000,74.292,124.000,0
25.968,6533.000,74.350,124.000,0
26.017,6532.000,74.408,124.000,0
26.065,6531.000,74.466,124.000,0
26.113,6530.000,74.524,124.000,0
26.162,6529.000,74.581,124.000,0
26.210,6528.000,74.639,124.000,0
26.258,6527.000,74.697,124.000,0
26.306,6526.000,74.754,124.000,0
26.354,6525.000,74.812,124.000,0
26.402,6524.000,74.869,124.000,0
26.450,6523.000,74.927,124.000,0
26.499,6522.000,74.984,124.000,0
26.547,6521.000,75.042,124.000,0
26.594,6520.000,75.096,121.000,0
26.642,6519.000,75.150,121.000,0
26.690,6518.000,75.204,121.000,0
26.738,6517.000,75.258,121.000,0
26.786,6516.000,75.312,121.000,0
26.834,6515.000,75.366,121.000,0
26.881,6514.000,75.420,121.000,0
26.929,6513.000,75.474,121.000,0
26.977,6512.000,75.528,121.000,0
27.025,6511.000,75.582,121.000,0
27.072,6510.000,75.636,121.000,0
27.120,6509.000,75.690,121.000,0
27.167,6508.000,75.744,121.000,0
27.215,6507.000,75.797,121.000,0
27.262,6506.000,75.851,121.000,0
27.310,6505.000,75.905,121.000,0
27.357,6504.000,75.958,121.000,0
27.404,6503.000,76.012,121.000,0
27.452,6502.000,76.063,118.000,0
27.499,6501.000,76.114,118.000,0
27.546,6500.000,76.165,118.000,0
27.594,6499.000,76.216,118.000,0
27.641,6498.000,76.267,118.000,0
27.688,6497.000,76.318,118.000,0
27.735,6496.000,76.369,118.000,0
27.782,6495.000,76.420,118.000,0
27.829,6494.000,76.471,118.000,0
27.877,6493.000,76.522,118.000,0
27.924,6492.000,76.573,118.000,0
27.971,6491.000,76.624,118.000,0
28.018,6490.000,76.675,118.000,0
28.064,6489.000,76.725,118.000,0
28.111,6488.000,76.776,118.000,0
28.158,6487.000,76.827,118.000,0
28.205,6486.000,76.877,118.000,0
28.252,6485.000,76.928,118.000,0
28.299,6484.000,76.978,118.000,0
28.345,6483.000,77.029,118.000,0
28.392,6482.000,77.077,115.000,0
28.439,6481.000,77.126,115.000,0
28.485,6480.000,77.174,115.000,0
28.532,6479.000,77.222,115.000,0
28.579,6478.000,77.270,115.000,0
28.625,6477.000,77.318,115.000,0
28.672,6476.000,77.366,115.000,0
28.718,6475.000,77.415,115.000,0
28.765,6474.000,77.463,115.000,0
28.811,6473.000,77.511,115.000,0
28.858,6472.000,77.559,115.000,0
28.904,6471.000,77.607,115.000,0
28.951,6470.000,77.654,115.000,0
28.997,6469.000,77.702,115.000,0
29.043,6468.000,77.750,115.000,0
29.089,6467.000,77.798,115.000,0
29.136,6466.000,77.846,115.000,0
29.182,6465.000,77.894,115.000,0
29.228,6464.000,77.941,115.000,0
29.274,6463.000,77.989,115.000,0
29.320,6462.000,78.037,115.000,0
29.367,6461.000,78.082,112.000,0
29.413,6460.000,78.128,112.000,0
29.459,6459.000,78.173,112.000,0
29.505,6458.000,78.219,112.000,0
29.551,6457.000,78.264,112.000,0
29.597,6456.000,78.310,112.000,0
29.643,6455.000,78.355,112.000,0
29.689,6454.000,78.400,112.000,0
29.735,6453.000,78.446,112.000,0
29.780,6452.000,78.491,112.000,0
29.826,6451.000,78.536,112.000,0
29.872,6450.000,78.582,112.000,0
29.918,6449.000,78.627,112.000,0
29.964,6448.000,78.672,112.000,0
30.009,6447.000,78.717,112.000,0
30.055,6446.000,78.762,112.000,0
30.101,6445.000,78.807,112.000,0
30.147,6444.000,78.852,112.000,0
30.192,6443.000,78.897,112.000,0
30.238,6442.000,78.942,112.000,0
30.283,6441.000,78.987,112.000,0
30.329,6440.000,79.032,112.000,0
30.374,6439.000,79.075,109.000,0
30.420,6438.000,79.118,109.000,0
30.466,6437.000,79.161,109.000,0
30.511,6436.000,79.204,109.000,0
30.556,6435.000,79.247,109.000,0
30.602,6434.000,79.290,109.000,0
30.647,6433.000,79.333,109.000,0
30.693,6432.000,79.376,109.000,0
30.738,6431.000,79.418,109.000,0
30.783,6430.000,79.461,109.000,0
30.829,6429.000,79.504,109.000,0
30.874,6428.000,79.547,109.000,0
30.919,6427.000,79.589,109.000,0
30.964,6426.000,79.632,109.000,0
31.009,6425.000,79.674,109.000,0
31.055,6424.000,79.717,109.000,0
31.100,6423.000,79.760,109.000,0
31.145,6422.000,79.802,109.000,0
31.190,6421.000,79.845,109.000,0
31.235,6420.000,79.887,109.000,0
31.280,6419.000,79.930,109.000,0
31.325,6418.000,79.972,109.000,0
31.370,6417.000,80.014,109.000,0
31.415,6416.000,80.054,106.000,0
31.460,6415.000,80.094,106.000,0
31.505,6414.000,80.134,106.000,0
31.550,6413.000,80.174,106.000,0
31.595,6412.000,80.214,106.000,0
31.640,6411.000,80.253,106.000,0
31.685,6410.000,80.293,106.000,0
31.729,6409.000,80.333,106.000,0
31.774,6408.000,80.372,106.000,0
31.819,6407.000,80.412,106.000,0
31.864,6406.000,80.452,106.000,0
31.908,6405.000,80.491,106.000,0
31.953,6404.000,80.531,106.000,0
31.998,6403.000,80.571,106.000,0
32.043,6402.000,80.610,106.000,0
32.087,6401.000,80.650,106.000,0
32.132,6400.000,80.689,106.000,0
32.176,6399.000,80.729,106.000,0
32.221,6398.000,80.768,106.000,0
32.266,6397.000,80.808,106.000,0
32.310,6396.000,80.847,106.000,0
32.355,6395.000,80.886,106.000,0
32.399,6394.000,80.926,106.000,0
32.444,6393.000,80.965,106.000,0
32.488,6392.000,81.004,106.000,0
32.532,6391.000,81.042,104.000,0
32.577,6390.000,81.079,104.000,0
32.621,6389.000,81.117,104.000,0
32.666,6388.000,81.154,104.000,0
32.710,6387.000,81.192,104.000,0
32.754,6386.000,81.229,104.000,0
32.799,6385.000,81.267,104.000,0
32.843,6384.000,81.304,104.000,0
32.887,6383.000,81.342,104.000,0
32.931,6382.000,81.379,104.000,0
32.976,6381.000,81.416,104.000,0
33.020,6380.000,81.454,104.000,0
33.064,6379.000,81.491,104.000,0
33.108,6378.000,81.528,104.000,0
33.152,6377.000,81.566,104.000,0
33.196,6376.000,81.603,104.000,0
33.241,6375.000,81.640,104.000,0
33.285,6374.000,81.677,104.000,0
33.329,6373.000,81.714,104.000,0
33.373,6372.000,81.752,104.000,0
33.417,6371.000,81.789,104.000,0
33.461,6370.000,81.826,104.000,0
33.505,6369.000,81.863,104.000,0
33.549,6368.000,81.900,104.000,0
33.593,6367.000,81.937,104.000,0
33.637,6366.000,81.974,104.000,0
33.681,6365.000,82.011,104.000,0
33.724,6364.000,82.047,101.000,0
33.768,6363.000,82.082,101.000,0
33.812,6362.000,82.117,101.000,0
33.856,6361.000,82.152,101.000,0
33.900,6360.000,82.188,101.000,0
33.944,6359.000,82.223,101.000,0
33.987,6358.000,82.258,101.000,0
34.031,6357.000,82.293,101.000,0
34.075,6356.000,82.329,101.000,0
34.119,6355.000,82.364,101.000,0
34.162,6354.000,82.399,101.000,0
34.206,6353.000,82.434,101.000,0
34.250,6352.000,82.469,101.000,0
34.293,6351.000,82.504,101.000,0
34.337,6350.000,82.539,101.000,0
34.380,6349.000,82.575,101.000,0
34.424,6348.000,82.610,101.000,0
34.468,6347.000,82.645,101.000,0
34.511,6346.000,82.680,101.000,0
34.555,6345.000,82.715,101.000,0
34.598,6344.000,82.750,101.000,0
34.642,6343.000,82.785,101.000,0
34.685,6342.000,82.820,101.000,0
34.729,6341.000,82.855,101.000,0
34.772,6340.000,82.823,0.000,2
34.816,6339.000,82.792,0.000,2
34.859,6338.000,82.760,0.000,2
34.903,6337.000,82.729,0.000,2
34.946,6336.000,82.697,0.000,2
34.990,6335.000,82.665,0.000,2
35.033,6334.000,82.634,0.000,2
35.077,6333.000,82.602,0.000,2
35.120,6332.000,82.571,0.000,2
35.164,6331.000,82.539,0.000,2
35.208,6330.000,82.508,0.000,2
35.251,6329.000,82.476,0.000,2
35.295,6328.000,82.444,0.000,2
35.339,6327.000,82.413,0.000,2
35.382,6326.000,82.381,0.000,2
35.426,6325.000,82.350,0.000,2
35.470,6324.000,82.318,0.000,2
35.513,6323.000,82.286,0.000,2
35.557,6322.000,82.255,0.000,2
35.601,6321.000,82.223,0.000,2
35.645,6320.000,82.191,0.000,2
35.689,6319.000,82.160,0.000,2
35.732,6318.000,82.136,0.000,2
35.776,6317.000,82.113,0.000,2
35.820,6316.000,82.089,0.000,2
35.864,6315.000,82.066,0.000,2
35.908,6314.000,82.043,0.000,2
35.952,6313.000,82.021,0.000,2
35.996,6312.000,81.998,0.000,2
36.040,6311.000,81.976,0.000,2
36.083,6310.000,81.954,0.000,2
36.127,6309.000,81.932,0.000,2
36.171,6308.000,81.910,0.000,2
36.215,6307.000,81.888,0.000,2
36.259,6306.000,81.866,0.000,2
36.303,6305.000,81.844,0.000,2
36.347,6304.000,81.822,0.000,2
36.391,6303.000,81.800,0.000,2
36.435,6302.000,81.778,0.000,2
36.479,6301.000,81.756,0.000,2
36.523,6300.000,81.734,0.000,2
36.567,6299.000,81.712,0.000,2
36.611,6298.000,81.690,0.000,2
36.656,6297.000,81.668,0.000,2
36.700,6296.000,81.646,0.000,2
36.744,6295.000,81.624,0.000,2
36.788,6294.000,81.601,0.000,2
36.832,6293.000,81.588,0.000,2
36.876,6292.000,81.574,0.000,2
36.920,6291.000,81.560,0.000,2
36.964,6290.000,81.547,0.000,2
37.008,6289.000,81.533,0.000,2
37.053,6288.000,81.519,0.000,2
37.097,6287.000,81.505,0.000,2
37.141,6286.000,81.492,0.000,2
37.185,6285.000,81.478,0.000,2
37.229,6284.000,81.464,0.000,2
37.274,6283.000,81.450,0.000,2
37.318,6282.000,81.437,0.000,2
37.362,6281.000,81.423,0.000,2
37.406,6280.000,81.409,0.000,2
37.450,6279.000,81.395,0.000,2
37.495,6278.000,81.382,0.000,2
37.539,6277.000,81.368,0.000,2
37.583,6276.000,81.354,0.000,2
37.627,6275.000,81.340,0.000,2
37.672,6274.000,81.327,0.000,2
37.716,6273.000,81.313,0.000,2
37.760,6272.000,81.299,0.000,2
37.804,6271.000,81.285,0.000,2
37.849,6270.000,81.272,0.000,2
37.893,6269.000,81.258,0.000,2
37.937,6268.000,81.253,0.000,2
37.982,6267.000,81.247,0.000,2
38.026,6266.000,81.242,0.000,2
38.070,6265.000,81.237,0.000,2
38.115,6264.000,81.231,0.000,2
38.159,6263.000,81.226,0.000,2
38.203,6262.000,81.221,0.000,2
38.248,6261.000,81.215,0.000,2
38.292,6260.000,81.210,0.000,2
38.336,6259.000,81.204,0.000,2
38.381,6258.000,81.199,0.000,2
38.425,6257.000,81.194,0.000,2
38.469,6256.000,81.188,0.000,2
38.514,6255.000,81.183,0.000,2
38.558,6254.000,81.178,0.000,2
38.602,6253.000,81.172,0.000,2
38.647,6252.000,81.167,0.000,2
38.691,6251.000,81.162,0.000,2
38.735,6250.000,81.156,0.000,2
38.780,6249.000,81.151,0.000,2
38.824,6248.000,81.146,0.000,2
38.868,6247.000,81.140,0.000,2
38.913,6246.000,81.135,0.000,2
38.957,6245.000,81.130,0.000,2
39.002,6244.000,81.124,0.000,2
39.046,6243.000,81.127,0.000,2
39.090,6242.000,81.130,0.000,2
39.135,6241.000,81.133,0.000,2
39.179,6240.000,81.137,0.000,2
39.223,6239.000,81.140,0.000,2
39.268,6238.000,81.143,0.000,2
39.312,6237.000,81.146,0.000,2
39.357,6236.000,81.149,0.000,2
39.401,6235.000,81.152,0.000,2
39.445,6234.000,81.155,0.000,2
39.490,6233.000,81.158,0.000,2
39.534,6232.000,81.161,0.000,2
39.578,6231.000,81.164,0.000,2
39.623,6230.000,81.167,0.000,2
39.667,6229.000,81.170,0.000,2
39.711,6228.000,81.173,0.000,2
39.756,6227.000,81.176,0.000,2
39.800,6226.000,81.179,0.000,2
39.844,6225.000,81.183,0.000,2
39.889,6224.000,81.186,0.000,2
39.933,6223.000,81.189,0.000,2
39.977,6222.000,81.192,0.000,2
40.022,6221.000,81.195,0.000,2
40.066,6220.000,81.198,0.000,2
40.110,6219.000,81.201,0.000,2
40.155,6218.000,81.204,0.000,2
40.199,6217.000,81.207,0.000,2
40.243,6216.000,81.210,0.000,2
40.288,6215.000,81.213,0.000,2
40.332,6214.000,81.216,0.000,2
40.376,6213.000,81.219,0.000,2
40.421,6212.000,81.222,0.000,2
40.465,6211.000,81.225,0.000,2
40.509,6210.000,81.228,0.000,2
40.554,6209.000,81.232,0.000,2
40.598,6208.000,81.235,0.000,2
40.642,6207.000,81.238,0.000,2
40.687,6206.000,81.241,0.000,2
40.731,6205.000,81.244,0.000,2
40.775,6204.000,81.247,0.000,2
40.820,6203.000,81.250,0.000,2
40.864,6202.000,81.253,0.000,2
40.908,6201.000,81.256,0.000,2
40.952,6200.000,81.259,0.000,2
40.997,6199.000,81.262,0.000,2
41.041,6198.000,81.265,0.000,2
41.085,6197.000,81.268,0.000,2
41.130,6196.000,81.271,0.000,2
41.174,6195.000,81.274,0.000,2
41.218,6194.000,81.277,0.000,2
41.263,6193.000,81.280,0.000,2
41.307,6192.000,81.283,0.000,2
41.351,6191.000,81.286,0.000,2
41.395,6190.000,81.290,0.000,2
41.440,6189.000,81.293,0.000,2
41.484,6188.000,81.296,0.000,2
41.528,6187.000,81.299,0.000,2
41.573,6186.000,81.302,0.000,2
41.617,6185.000,81.305,0.000,2
41.661,6184.000,81.308,0.000,2
41.705,6183.000,81.311,0.000,2
41.750,6182.000,81.314,0.000,2
41.794,6181.000,81.317,0.000,2
41.838,6180.000,81.320,0.000,2
41.882,6179.000,81.323,0.000,2
41.927,6178.000,81.326,0.000,2
41.971,6177.000,81.329,0.000,2
42.015,6176.000,81.332,0.000,2
42.060,6175.000,81.335,0.000,2
42.104,6174.000,81.338,0.000,2
42.148,6173.000,81.341,0.000,2
42.192,6172.000,81.344,0.000,2
42.237,6171.000,81.347,0.000,2
42.281,6170.000,81.350,0.000,2
42.325,6169.000,81.354,0.000,2
42.369,6168.000,81.357,0.000,2
42.414,6167.000,81.360,0.000,2
42.458,6166.000,81.363,0.000,2
42.502,6165.000,81.366,0.000,2
42.546,6164.000,81.369,0.000,2
42.591,6163.000,81.372,0.000,2
42.635,6162.000,81.375,0.000,2
42.679,6161.000,81.378,0.000,2
42.723,6160.000,81.381,0.000,2
42.768,6159.000,81.384,0.000,2
42.812,6158.000,81.387,0.000,2
42.856,6157.000,81.390,0.000,2
42.900,6156.000,81.393,0.000,2
42.944,6155.000,81.396,0.000,2
42.989,6154.000,81.399,0.000,2
43.033,6153.000,81.402,0.000,2
43.077,6152.000,81.405,0.000,2
43.121,6151.000,81.408,0.000,2
43.166,6150.000,81.411,0.000,2
43.210,6149.000,81.414,0.000,2
43.254,6148.000,81.417,0.000,2
43.298,6147.000,81.420,0.000,2
43.342,6146.000,81.423,0.000,2
43.387,6145.000,81.426,0.000,2
43.431,6144.000,81.429,0.000,2
43.475,6143.000,81.433,0.000,2
43.519,6142.000,81.436,0.000,2
43.563,6141.000,81.439,0.000,2
43.608,6140.000,81.442,0.000,2
43.652,6139.000,81.445,0.000,2
43.696,6138.000,81.448,0.000,2
43.740,6137.000,81.451,0.000,2
43.784,6136.000,81.454,0.000,2
43.829,6135.000,81.457,0.000,2
43.873,6134.000,81.460,0.000,2
43.917,6133.000,81.463,0.000,2
43.961,6132.000,81.466,0.000,2
44.005,6131.000,81.469,0.000,2
44.050,6130.000,81.472,0.000,2
44.094,6129.000,81.475,0.000,2
44.138,6128.000,81.478,0.000,2
44.182,6127.000,81.481,0.000,2
44.226,6126.000,81.484,0.000,2
44.271,6125.000,81.487,0.000,2
44.315,6124.000,81.490,0.000,2
44.359,6123.000,81.493,0.000,2
44.403,6122.000,81.496,0.000,2
44.447,6121.000,81.499,0.000,2
44.491,6120.000,81.502,0.000,2
44.536,6119.000,81.505,0.000,2
44.580,6118.000,81.508,0.000,2
44.624,6117.000,81.511,0.000,2
44.668,6116.000,81.514,0.000,2
44.712,6115.000,81.517,0.000,2
44.756,6114.000,81.520,0.000,2
44.801,6113.000,81.523,0.000,2
44.845,6112.000,81.526,0.000,2
44.889,6111.000,81.529,0.000,2
44.933,6110.000,81.532,0.000,2
44.977,6109.000,81.535,0.000,2
45.021,6108.000,81.538,0.000,2
45.065,6107.000,81.541,0.000,2
45.110,6106.000,81.545,0.000,2
45.154,6105.000,81.548,0.000,2
45.198,6104.000,81.551,0.000,2
45.242,6103.000,81.554,0.000,2
45.286,6102.000,81.557,0.000,2
45.330,6101.000,81.560,0.000,2
45.374,6100.000,81.563,0.000,2
45.419,6099.000,81.566,0.000,2
45.463,6098.000,81.569,0.000,2
45.507,6097.000,81.572,0.000,2
45.551,6096.000,81.575,0.000,2
45.595,6095.000,81.578,0.000,2
45.639,6094.000,81.581,0.000,2
45.683,6093.000,81.584,0.000,2
45.728,6092.000,81.587,0.000,2
45.772,6091.000,81.590,0.000,2
45.816,6090.000,81.593,0.000,2
45.860,6089.000,81.596,0.000,2
45.904,6088.000,81.599,0.000,2
45.948,6087.000,81.602,0.000,2
45.992,6086.000,81.605,0.000,2
46.036,6085.000,81.608,0.000,2
46.080,6084.000,81.611,0.000,2
46.125,6083.000,81.614,0.000,2
46.169,6082.000,81.617,0.000,2
46.213,6081.000,81.620,0.000,2
46.257,6080.000,81.623,0.000,2
46.301,6079.000,81.626,0.000,2
46.345,6078.000,81.629,0.000,2
46.389,6077.000,81.632,0.000,2
46.433,6076.000,81.635,0.000,2
46.477,6075.000,81.638,0.000,2
46.522,6074.000,81.641,0.000,2
46.566,6073.000,81.644,0.000,2
46.610,6072.000,81.647,0.000,2
46.654,6071.000,81.650,0.000,2
46.698,6070.000,81.653,0.000,2
46.742,6069.000,81.656,0.000,2
46.786,6068.000,81.659,0.000,2
46.830,6067.000,81.662,0.000,2
46.874,6066.000,81.665,0.000,2
46.918,6065.000,81.668,0.000,2
46.962,6064.000,81.671,0.000,2
47.006,6063.000,81.674,0.000,2
47.051,6062.000,81.677,0.000,2
47.095,6061.000,81.680,0.000,2
47.139,6060.000,81.683,0.000,2
47.183,6059.000,81.686,0.000,2
47.227,6058.000,81.689,0.000,2
47.271,6057.000,81.692,0.000,2
47.315,6056.000,81.695,0.000,2
47.359,6055.000,81.698,0.000,2
47.403,6054.000,81.701,0.000,2
47.447,6053.000,81.704,0.000,2
47.491,6052.000,81.707,0.000,2
47.535,6051.000,81.710,0.000,2
47.579,6050.000,81.713,0.000,2
47.623,6049.000,81.716,0.000,2
47.667,6048.000,81.719,0.000,2
47.712,6047.000,81.722,0.000,2
47.756,6046.000,81.725,0.000,2
47.800,6045.000,81.728,0.000,2
47.844,6044.000,81.731,0.000,2
47.888,6043.000,81.734,0.000,2
47.932,6042.000,81.737,0.000,2
47.976,6041.000,81.740,0.000,2
48.020,6040.000,81.743,0.000,2
48.064,6039.000,81.746,0.000,2
48.108,6038.000,81.749,0.000,2
48.152,6037.000,81.752,0.000,2
48.196,6036.000,81.755,0.000,2
48.240,6035.000,81.758,0.000,2
48.284,6034.000,81.761,0.000,2
48.328,6033.000,81.764,0.000,2
48.372,6032.000,81.767,0.000,2
48.416,6031.000,81.770,0.000,2
48.460,6030.000,81.773,0.000,2
48.504,6029.000,81.776,0.000,2
48.548,6028.000,81.779,0.000,2
48.592,6027.000,81.782,0.000,2
48.636,6026.000,81.785,0.000,2
48.680,6025.000,81.788,0.000,2
48.724,6024.000,81.791,0.000,2
48.768,6023.000,81.794,0.000,2
48.812,6022.000,81.797,0.000,2
48.856,6021.000,81.800,0.000,2
48.900,6020.000,81.803,0.000,2
48.944,6019.000,81.806,0.000,2
48.988,6018.000,81.809,0.000,2
49.032,6017.000,81.812,0.000,2
49.076,6016.000,81.815,0.000,2
49.120,6015.000,81.818,0.000,2
49.164,6014.000,81.821,0.000,2
49.208,6013.000,81.824,0.000,2
49.252,6012.000,81.827,0.000,2
49.296,6011.000,81.830,0.000,2
49.340,6010.000,81.833,0.000,2
49.384,6009.000,81.836,0.000,2
49.428,6008.000,81.839,0.000,2
49.472,6007.000,81.842,0.000,2
49.516,6006.000,81.845,0.000,2
49.560,6005.000,81.848,0.000,2
49.604,6004.000,81.851,0.000,2
49.648,6003.000,81.854,0.000,2
49.692,6002.000,81.857,0.000,2
49.736,6001.000,81.860,0.000,2
49.780,6000.000,81.863,0.000,2
49.824,5999.000,81.866,0.000,2
49.868,5998.000,81.869,0.000,2
49.912,5997.000,81.872,0.000,2
49.956,5996.000,81.875,0.000,2
50.000,5995.000,81.878,0.000,2
50.044,5994.000,81.881,0.000,2
50.088,5993.000,81.883,0.000,2
50.132,5992.000,81.886,0.000,2
50.176,5991.000,81.889,0.000,2
50.220,5990.000,81.892,0.000,2
50.264,5989.000,81.895,0.000,2
50.308,5988.000,81.898,0.000,2
50.352,5987.000,81.901,0.000,2
50.396,5986.000,81.904,0.000,2
50.440,5985.000,81.907,0.000,2
50.484,5984.000,81.910,0.000,2
50.528,5983.000,81.913,0.000,2
50.571,5982.000,81.916,0.000,2
50.615,5981.000,81.919,0.000,2
50.659,5980.000,81.922,0.000,2
50.703,5979.000,81.925,0.000,2
50.747,5978.000,81.928,0.000,2
50.791,5977.000,81.931,0.000,2
50.835,5976.000,81.934,0.000,2
50.879,5975.000,81.937,0.000,2
50.923,5974.000,81.940,0.000,2
50.967,5973.000,81.943,0.000,2
51.011,5972.000,81.946,0.000,2
51.055,5971.000,81.949,0.000,2
51.099,5970.000,81.952,0.000,2
51.143,5969.000,81.955,0.000,2
51.187,5968.000,81.958,0.000,2
51.231,5967.000,81.961,0.000,2
51.274,5966.000,81.964,0.000,2
51.318,5965.000,81.967,0.000,2
51.362,5964.000,81.970,0.000,2
51.406,5963.000,81.973,0.000,2
51.450,5962.000,81.976,0.000,2
51.494,5961.000,81.979,0.000,2
51.538,5960.000,81.982,0.000,2
51.582,5959.000,81.985,0.000,2
51.626,5958.000,81.988,0.000,2
51.670,5957.000,81.991,0.000,2
51.714,5956.000,81.993,0.000,2
51.757,5955.000,81.996,0.000,2
51.801,5954.000,81.999,0.000,2
51.845,5953.000,82.002,0.000,2
51.889,5952.000,82.005,0.000,2
51.933,5951.000,82.008,0.000,2
51.977,5950.000,82.011,0.000,2
52.021,5949.000,82.014,0.000,2
52.065,5948.000,82.017,0.000,2
52.109,5947.000,82.020,0.000,2
52.153,5946.000,82.023,0.000,2
52.196,5945.000,82.026,0.000,2
52.240,5944.000,82.029,0.000,2
52.284,5943.000,82.032,0.000,2
52.328,5942.000,82.035,0.000,2
52.372,5941.000,82.038,0.000,2
52.416,5940.000,82.041,0.000,2
52.460,5939.000,82.044,0.000,2
52.504,5938.000,82.047,0.000,2
52.547,5937.000,82.050,0.000,2
52.591,5936.000,82.053,0.000,2
52.635,5935.000,82.056,0.000,2
52.679,5934.000,82.059,0.000,2
52.723,5933.000,82.062,0.000,2
52.767,5932.000,82.065,0.000,2
52.811,5931.000,82.068,0.000,2
52.855,5930.000,82.070,0.000,2
52.898,5929.000,82.073,0.000,2
52.942,5928.000,82.076,0.000,2
52.986,5927.000,82.079,0.000,2
53.030,5926.000,82.082,0.000,2
53.074,5925.000,82.085,0.000,2
53.118,5924.000,82.088,0.000,2
53.162,5923.000,82.091,0.000,2
53.205,5922.000,82.094,0.000,2
53.249,5921.000,82.097,0.000,2
53.293,5920.000,82.100,0.000,2
53.337,5919.000,82.103,0.000,2
53.381,5918.000,82.106,0.000,2
53.425,5917.000,82.109,0.000,2
53.469,5916.000,82.112,0.000,2
53.512,5915.000,82.115,0.000,2
53.556,5914.000,82.118,0.000,2
53.600,5913.000,82.121,0.000,2
53.644,5912.000,82.124,0.000,2
53.688,5911.000,82.127,0.000,2
53.732,5910.000,82.130,0.000,2
53.775,5909.000,82.133,0.000,2
53.819,5908.000,82.135,0.000,2
53.863,5907.000,82.138,0.000,2
53.907,5906.000,82.141,0.000,2
53.951,5905.000,82.144,0.000,2
53.995,5904.000,82.147,0.000,2
54.038,5903.000,82.150,0.000,2
54.082,5902.000,82.153,0.000,2
54.126,5901.000,82.156,0.000,2
54.170,5900.000,82.159,0.000,2
54.214,5899.000,82.162,0.000,2
54.257,5898.000,82.165,0.000,2
54.301,5897.000,82.168,0.000,2
54.345,5896.000,82.171,0.000,2
54.389,5895.000,82.174,0.000,2
54.433,5894.000,82.177,0.000,2
54.477,5893.000,82.180,0.000,2
54.520,5892.000,82.183,0.000,2
54.564,5891.000,82.186,0.000,2
54.608,5890.000,82.189,0.000,2
54.652,5889.000,82.190,0.000,2
54.696,5888.000,82.191,0.000,2
54.739,5887.000,82.192,0.000,2
54.783,5886.000,82.193,0.000,2
54.827,5885.000,82.194,0.000,2
54.871,5884.000,82.195,0.000,2
54.915,5883.000,82.196,0.000,2
54.958,5882.000,82.197,0.000,2
55.002,5881.000,82.199,0.000,2
55.046,5880.000,82.200,0.000,2
55.090,5879.000,82.201,0.000,2
55.133,5878.000,82.202,0.000,2
55.177,5877.000,82.203,0.000,2
55.221,5876.000,82.204,0.000,2
55.265,5875.000,82.205,0.000,2
55.309,5874.000,82.206,0.000,2
55.352,5873.000,82.207,0.000,2
55.396,5872.000,82.209,0.000,2
55.440,5871.000,82.210,0.000,2
55.484,5870.000,82.211,0.000,2
55.528,5869.000,82.212,0.000,2
55.571,5868.000,82.213,0.000,2
55.615,5867.000,82.214,0.000,2
55.659,5866.000,82.215,0.000,2
55.703,5865.000,82.216,0.000,2
55.747,5864.000,82.216,0.000,2
55.790,5863.000,82.215,0.000,2
55.834,5862.000,82.214,0.000,2
55.878,5861.000,82.213,0.000,2
55.922,5860.000,82.213,0.000,2
55.966,5859.000,82.212,0.000,2
56.009,5858.000,82.211,0.000,2
56.053,5857.000,82.211,0.000,2
56.097,5856.000,82.210,0.000,2
56.141,5855.000,82.209,0.000,2
56.184,5854.000,82.208,0.000,2
56.228,5853.000,82.208,0.000,2
56.272,5852.000,82.207,0.000,2
56.316,5851.000,82.206,0.000,2
56.360,5850.000,82.206,0.000,2
56.403,5849.000,82.205,0.000,2
56.447,5848.000,82.204,0.000,2
56.491,5847.000,82.203,0.000,2
56.535,5846.000,82.203,0.000,2
56.579,5845.000,82.202,0.000,2
56.622,5844.000,82.201,0.000,2
56.666,5843.000,82.201,0.000,2
56.710,5842.000,82.200,0.000,2
56.754,5841.000,82.199,0.000,2
56.798,5840.000,82.198,0.000,2
56.841,5839.000,82.196,0.000,2
56.885,5838.000,82.193,0.000,2
56.929,5837.000,82.191,0.000,2
56.973,5836.000,82.188,0.000,2
57.017,5835.000,82.186,0.000,2
57.060,5834.000,82.183,0.000,2
57.104,5833.000,82.181,0.000,2
57.148,5832.000,82.178,0.000,2
57.192,5831.000,82.176,0.000,2
57.236,5830.000,82.173,0.000,2
57.279,5829.000,82.170,0.000,2
57.323,5828.000,82.168,0.000,2
57.367,5827.000,82.165,0.000,2
57.411,5826.000,82.163,0.000,2
57.455,5825.000,82.160,0.000,2
57.498,5824.000,82.158,0.000,2
57.542,5823.000,82.155,0.000,2
57.586,5822.000,82.153,0.000,2
57.630,5821.000,82.150,0.000,2
57.674,5820.000,82.148,0.000,2
57.718,5819.000,82.145,0.000,2
57.761,5818.000,82.143,0.000,2
57.805,5817.000,82.140,0.000,2
57.849,5816.000,82.137,0.000,2
57.893,5815.000,82.135,0.000,2
57.937,5814.000,82.131,0.000,2
57.981,5813.000,82.126,0.000,2
58.024,5812.000,82.122,0.000,2
58.068,5811.000,82.117,0.000,2
58.112,5810.000,82.113,0.000,2
58.156,5809.000,82.109,0.000,2
58.200,5808.000,82.104,0.000,2
58.244,5807.000,82.100,0.000,2
58.287,5806.000,82.096,0.000,2
58.331,5805.000,82.091,0.000,2
58.375,5804.000,82.087,0.000,2
58.419,5803.000,82.082,0.000,2
58.463,5802.000,82.078,0.000,2
58.507,5801.000,82.074,0.000,2
58.551,5800.000,82.069,0.000,2
58.594,5799.000,82.065,0.000,2
58.638,5798.000,82.061,0.000,2
58.682,5797.000,82.056,0.000,2
58.726,5796.000,82.052,0.000,2
58.770,5795.000,82.048,0.000,2
58.814,5794.000,82.043,0.000,2
58.858,5793.000,82.039,0.000,2
58.902,5792.000,82.034,0.000,2
58.946,5791.000,82.030,0.000,2
58.989,5790.000,82.026,0.000,2
59.033,5789.000,82.021,0.000,2
59.077,5788.000,82.017,0.000,2
59.121,5787.000,82.013,0.000,2
59.165,5786.000,82.008,0.000,2
59.209,5785.000,82.004,0.000,2
59.253,5784.000,81.999,0.000,2
59.297,5783.000,81.995,0.000,2
59.341,5782.000,81.991,0.000,2
59.384,5781.000,81.986,0.000,2
59.428,5780.000,81.982,0.000,2
59.472,5779.000,81.978,0.000,2
59.516,5778.000,81.973,0.000,2
59.560,5777.000,81.969,0.000,2
59.604,5776.000,81.965,0.000,2
59.648,5775.000,81.960,0.000,2
59.692,5774.000,81.956,0.000,2
59.736,5773.000,81.951,0.000,2
59.780,5772.000,81.947,0.000,2
59.824,5771.000,81.943,0.000,2
59.868,5770.000,81.938,0.000,2
59.912,5769.000,81.934,0.000,2
59.956,5768.000,81.930,0.000,2
59.999,5767.000,81.925,0.000,2
60.043,5766.000,81.921,0.000,2
60.087,5765.000,81.917,0.000,2
60.131,5764.000,81.912,0.000,2
60.175,5763.000,81.908,0.000,2
60.219,5762.000,81.903,0.000,2
60.263,5761.000,81.899,0.000,2
60.307,5760.000,81.895,0.000,2
60.351,5759.000,81.890,0.000,2
60.395,5758.000,81.886,0.000,2
60.439,5757.000,81.882,0.000,2
60.483,5756.000,81.877,0.000,2
60.527,5755.000,81.873,0.000,2
60.571,5754.000,81.869,0.000,2
60.615,5753.000,81.864,0.000,2
60.659,5752.000,81.860,0.000,2
60.703,5751.000,81.855,0.000,2
60.747,5750.000,81.851,0.000,2
60.791,5749.000,81.847,0.000,2
60.835,5748.000,81.842,0.000,2
60.879,5747.000,81.838,0.000,2
60.923,5746.000,81.834,0.000,2
60.967,5745.000,81.829,0.000,2
61.011,5744.000,81.825,0.000,2
61.055,5743.000,81.821,0.000,2
61.099,5742.000,81.816,0.000,2
61.143,5741.000,81.812,0.000,2
61.187,5740.000,81.807,0.000,2
61.231,5739.000,81.803,0.000,2
61.275,5738.000,81.799,0.000,2
61.319,5737.000,81.794,0.000,2
61.363,5736.000,81.790,0.000,2
61.407,5735.000,81.786,0.000,2
61.451,5734.000,81.781,0.000,2
61.495,5733.000,81.777,0.000,2
61.539,5732.000,81.773,0.000,2
61.583,5731.000,81.768,0.000,2
61.627,5730.000,81.764,0.000,2
61.671,5729.000,81.760,0.000,2
61.715,5728.000,81.755,0.000,2
61.759,5727.000,81.751,0.000,2
61.803,5726.000,81.746,0.000,2
61.847,5725.000,81.742,0.000,2
61.891,5724.000,81.738,0.000,2
61.935,5723.000,81.733,0.000,2
61.979,5722.000,81.729,0.000,2
62.023,5721.000,81.725,0.000,2
62.067,5720.000,81.720,0.000,2
62.111,5719.000,81.716,0.000,2
62.155,5718.000,81.712,0.000,2
62.200,5717.000,81.707,0.000,2
62.244,5716.000,81.703,0.000,2
62.288,5715.000,81.698,0.000,2
62.332,5714.000,81.694,0.000,2
62.376,5713.000,81.690,0.000,2
62.420,5712.000,81.685,0.000,2
62.464,5711.000,81.681,0.000,2
62.508,5710.000,81.677,0.000,2
62.552,5709.000,81.672,0.000,2
62.596,5708.000,81.668,0.000,2
62.640,5707.000,81.664,0.000,2
62.684,5706.000,81.659,0.000,2
62.728,5705.000,81.655,0.000,2
62.772,5704.000,81.651,0.000,2
62.817,5703.000,81.646,0.000,2
62.861,5702.000,81.642,0.000,2
62.905,5701.000,81.638,0.000,2
62.949,5700.000,81.633,0.000,2
62.993,5699.000,81.629,0.000,2
63.037,5698.000,81.624,0.000,2
63.081,5697.000,81.620,0.000,2
63.125,5696.000,81.616,0.000,2
63.169,5695.000,81.611,0.000,2
63.213,5694.000,81.607,0.000,2
63.258,5693.000,81.603,0.000,2
63.302,5692.000,81.598,0.000,2
63.346,5691.000,81.594,0.000,2
63.390,5690.000,81.590,0.000,2
63.434,5689.000,81.585,0.000,2
63.478,5688.000,81.581,0.000,2
63.522,5687.000,81.577,0.000,2
63.566,5686.000,81.572,0.000,2
63.611,5685.000,81.568,0.000,2
63.655,5684.000,81.563,0.000,2
63.699,5683.000,81.559,0.000,2
63.743,5682.000,81.555,0.000,2
63.787,5681.000,81.550,0.000,2
63.831,5680.000,81.546,0.000,2
63.875,5679.000,81.542,0.000,2
63.920,5678.000,81.537,0.000,2
63.964,5677.000,81.533,0.000,2
64.008,5676.000,81.529,0.000,2
64.052,5675.000,81.524,0.000,2
64.096,5674.000,81.520,0.000,2
64.140,5673.000,81.516,0.000,2
64.185,5672.000,81.511,0.000,2
64.229,5671.000,81.507,0.000,2
64.273,5670.000,81.503,0.000,2
64.317,5669.000,81.498,0.000,2
64.361,5668.000,81.494,0.000,2
64.405,5667.000,81.489,0.000,2
64.450,5666.000,81.485,0.000,2
64.494,5665.000,81.481,0.000,2
64.538,5664.000,81.476,0.000,2
64.582,5663.000,81.472,0.000,2
64.626,5662.000,81.468,0.000,2
64.671,5661.000,81.463,0.000,2
64.715,5660.000,81.459,0.000,2
64.759,5659.000,81.455,0.000,2
64.803,5658.000,81.450,0.000,2
64.847,5657.000,81.446,0.000,2
64.892,5656.000,81.442,0.000,2
64.936,5655.000,81.437,0.000,2
64.980,5654.000,81.433,0.000,2
65.024,5653.000,81.429,0.000,2
65.068,5652.000,81.424,0.000,2
65.113,5651.000,81.420,0.000,2
65.157,5650.000,81.416,0.000,2
65.201,5649.000,81.411,0.000,2
65.245,5648.000,81.407,0.000,2
65.289,5647.000,81.402,0.000,2
65.334,5646.000,81.398,0.000,2
65.378,5645.000,81.394,0.000,2
65.422,5644.000,81.389,0.000,2
65.466,5643.000,81.385,0.000,2
65.511,5642.000,81.381,0.000,2
65.555,5641.000,81.376,0.000,2
65.599,5640.000,81.372,0.000,2
65.643,5639.000,81.368,0.000,2
65.688,5638.000,81.363,0.000,2
65.732,5637.000,81.359,0.000,2
65.776,5636.000,81.355,0.000,2
65.820,5635.000,81.350,0.000,2
65.865,5634.000,81.346,0.000,2
65.909,5633.000,81.342,0.000,2
65.953,5632.000,81.337,0.000,2
65.997,5631.000,81.333,0.000,2
66.042,5630.000,81.329,0.000,2
66.086,5629.000,81.324,0.000,2
66.130,5628.000,81.320,0.000,2
66.174,5627.000,81.316,0.000,2
66.219,5626.000,81.311,0.000,2
66.263,5625.000,81.307,0.000,2
66.307,5624.000,81.302,0.000,2
66.352,5623.000,81.298,0.000,2
66.396,5622.000,81.294,0.000,2
66.440,5621.000,81.289,0.000,2
66.484,5620.000,81.285,0.000,2
66.529,5619.000,81.281,0.000,2
66.573,5618.000,81.276,0.000,2
66.617,5617.000,81.272,0.000,2
66.662,5616.000,81.268,0.000,2
66.706,5615.000,81.263,0.000,2
66.750,5614.000,81.259,0.000,2
66.794,5613.000,81.255,0.000,2
66.839,5612.000,81.250,0.000,2
66.883,5611.000,81.246,0.000,2
66.927,5610.000,81.242,0.000,2
66.972,5609.000,81.237,0.000,2
67.016,5608.000,81.233,0.000,2
67.060,5607.000,81.229,0.000,2
67.105,5606.000,81.224,0.000,2
67.149,5605.000,81.220,0.000,2
67.193,5604.000,81.216,0.000,2
67.238,5603.000,81.211,0.000,2
67.282,5602.000,81.207,0.000,2
67.326,5601.000,81.203,0.000,2
67.371,5600.000,81.198,0.000,2
67.415,5599.000,81.194,0.000,2
67.459,5598.000,81.190,0.000,2
67.504,5597.000,81.185,0.000,2
67.548,5596.000,81.181,0.000,2
67.592,5595.000,81.177,0.000,2
67.637,5594.000,81.172,0.000,2
67.681,5593.000,81.168,0.000,2
67.725,5592.000,81.163,0.000,2
67.770,5591.000,81.159,0.000,2
67.814,5590.000,81.155,0.000,2
67.858,5589.000,81.150,0.000,2
67.903,5588.000,81.146,0.000,2
67.947,5587.000,81.142,0.000,2
67.992,5586.000,81.137,0.000,2
68.036,5585.000,81.133,0.000,2
68.080,5584.000,81.129,0.000,2
68.125,5583.000,81.124,0.000,2
68.169,5582.000,81.120,0.000,2
68.213,5581.000,81.116,0.000,2
68.258,5580.000,81.111,0.000,2
68.302,5579.000,81.107,0.000,2
68.347,5578.000,81.103,0.000,2
68.391,5577.000,81.098,0.000,2
68.435,5576.000,81.094,0.000,2
68.480,5575.000,81.090,0.000,2
68.524,5574.000,81.085,0.000,2
68.569,5573.000,81.081,0.000,2
68.613,5572.000,81.077,0.000,2
68.657,5571.000,81.072,0.000,2
68.702,5570.000,81.068,0.000,2
68.746,5569.000,81.064,0.000,2
68.791,5568.000,81.059,0.000,2
68.835,5567.000,81.055,0.000,2
68.879,5566.000,81.051,0.000,2
68.924,5565.000,81.046,0.000,2
68.968,5564.000,81.042,0.000,2
69.013,5563.000,81.038,0.000,2
69.057,5562.000,81.033,0.000,2
69.102,5561.000,81.029,0.000,2
69.146,5560.000,81.025,0.000,2
69.190,5559.000,81.020,0.000,2
69.235,5558.000,81.016,0.000,2
69.279,5557.000,81.012,0.000,2
69.324,5556.000,81.007,0.000,2
69.368,5555.000,81.003,0.000,2
69.413,5554.000,80.999,0.000,2
69.457,5553.000,80.994,0.000,2
69.501,5552.000,80.990,0.000,2
69.546,5551.000,80.986,0.000,2
69.590,5550.000,80.981,0.000,2
69.635,5549.000,80.977,0.000,2
69.679,5548.000,80.973,0.000,2
69.724,5547.000,80.968,0.000,2
69.768,5546.000,80.964,0.000,2
69.813,5545.000,80.960,0.000,2
69.857,5544.000,80.955,0.000,2
69.902,5543.000,80.951,0.000,2
69.946,5542.000,80.947,0.000,2
69.991,5541.000,80.942,0.000,2
70.035,5540.000,80.938,0.000,2
70.080,5539.000,80.934,0.000,2
70.124,5538.000,80.929,0.000,2
70.169,5537.000,80.925,0.000,2
70.213,5536.000,80.921,0.000,2
70.257,5535.000,80.916,0.000,2
70.302,5534.000,80.912,0.000,2
70.346,5533.000,80.908,0.000,2
70.391,5532.000,80.903,0.000,2
70.435,5531.000,80.899,0.000,2
70.480,5530.000,80.895,0.000,2
70.524,5529.000,80.890,0.000,2
70.569,5528.000,80.886,0.000,2
70.613,5527.000,80.882,0.000,2
70.658,5526.000,80.877,0.000,2
70.703,5525.000,80.873,0.000,2
70.747,5524.000,80.869,0.000,2
70.792,5523.000,80.864,0.000,2
70.836,5522.000,80.860,0.000,2
70.881,5521.000,80.856,0.000,2
70.925,5520.000,80.851,0.000,2
70.970,5519.000,80.847,0.000,2
71.014,5518.000,80.843,0.000,2
71.059,5517.000,80.838,0.000,2
71.103,5516.000,80.834,0.000,2
71.148,5515.000,80.830,0.000,2
71.192,5514.000,80.825,0.000,2
71.237,5513.000,80.821,0.000,2
71.281,5512.000,80.817,0.000,2
71.326,5511.000,80.812,0.000,2
71.370,5510.000,80.808,0.000,2
71.415,5509.000,80.804,0.000,2
71.460,5508.000,80.799,0.000,2
71.504,5507.000,80.795,0.000,2
71.549,5506.000,80.791,0.000,2
71.593,5505.000,80.786,0.000,2
71.638,5504.000,80.782,0.000,2
71.682,5503.000,80.778,0.000,2
71.727,5502.000,80.773,0.000,2
71.772,5501.000,80.769,0.000,2
71.816,5500.000,80.765,0.000,2
71.861,5499.000,80.760,0.000,2
71.905,5498.000,80.756,0.000,2
71.950,5497.000,80.752,0.000,2
71.994,5496.000,80.747,0.000,2
72.039,5495.000,80.743,0.000,2
72.084,5494.000,80.739,0.000,2
72.128,5493.000,80.734,0.000,2
72.173,5492.000,80.730,0.000,2
72.217,5491.000,80.726,0.000,2
72.262,5490.000,80.721,0.000,2
72.307,5489.000,80.717,0.000,2
72.351,5488.000,80.713,0.000,2
72.396,5487.000,80.708,0.000,2
72.440,5486.000,80.704,0.000,2
72.485,5485.000,80.700,0.000,2
72.530,5484.000,80.695,0.000,2
72.574,5483.000,80.691,0.000,2
72.619,5482.000,80.687,0.000,2
72.663,5481.000,80.682,0.000,2
72.708,5480.000,80.678,0.000,2
72.753,5479.000,80.674,0.000,2
72.797,5478.000,80.669,0.000,2
72.842,5477.000,80.665,0.000,2
72.887,5476.000,80.661,0.000,2
72.931,5475.000,80.656,0.000,2
72.976,5474.000,80.652,0.000,2
73.020,5473.000,80.648,0.000,2
73.065,5472.000,80.643,0.000,2
73.110,5471.000,80.639,0.000,2
73.154,5470.000,80.635,0.000,2
73.199,5469.000,80.630,0.000,2
73.244,5468.000,80.626,0.000,2
73.288,5467.000,80.622,0.000,2
73.333,5466.000,80.617,0.000,2
73.378,5465.000,80.613,0.000,2
73.422,5464.000,80.609,0.000,2
73.467,5463.000,80.604,0.000,2
73.512,5462.000,80.600,0.000,2
73.556,5461.000,80.596,0.000,2
73.601,5460.000,80.592,0.000,2
73.646,5459.000,80.587,0.000,2
73.690,5458.000,80.583,0.000,2
73.735,5457.000,80.579,0.000,2
73.780,5456.000,80.574,0.000,2
73.824,5455.000,80.570,0.000,2
73.869,5454.000,80.566,0.000,2
73.914,5453.000,80.561,0.000,2
73.958,5452.000,80.557,0.000,2
74.003,5451.000,80.553,0.000,2
74.048,5450.000,80.548,0.000,2
74.092,5449.000,80.544,0.000,2
74.137,5448.000,80.540,0.000,2
74.182,5447.000,80.535,0.000,2
74.227,5446.000,80.531,0.000,2
74.271,5445.000,80.527,0.000,2
74.316,5444.000,80.522,0.000,2
74.361,5443.000,80.518,0.000,2
74.405,5442.000,80.514,0.000,2
74.450,5441.000,80.509,0.000,2
74.495,5440.000,80.505,0.000,2
74.540,5439.000,80.501,0.000,2
74.584,5438.000,80.496,0.000,2
74.629,5437.000,80.492,0.000,2
74.674,5436.000,80.488,0.000,2
74.718,5435.000,80.483,0.000,2
74.763,5434.000,80.479,0.000,2
74.808,5433.000,80.475,0.000,2
74.853,5432.000,80.470,0.000,2
74.897,5431.000,80.466,0.000,2
74.942,5430.000,80.462,0.000,2
74.987,5429.000,80.458,0.000,2
75.032,5428.000,80.453,0.000,2
75.076,5427.000,80.449,0.000,2
75.121,5426.000,80.445,0.000,2
75.166,5425.000,80.440,0.000,2
75.211,5424.000,80.436,0.000,2
75.255,5423.000,80.432,0.000,2
75.300,5422.000,80.427,0.000,2
75.345,5421.000,80.423,0.000,2
75.390,5420.000,80.419,0.000,2
75.434,5419.000,80.414,0.000,2
75.479,5418.000,80.410,0.000,2
75.524,5417.000,80.406,0.000,2
75.569,5416.000,80.401,0.000,2
75.614,5415.000,80.397,0.000,2
75.658,5414.000,80.393,0.000,2
75.703,5413.000,80.388,0.000,2
75.748,5412.000,80.384,0.000,2
75.793,5411.000,80.380,0.000,2
75.837,5410.000,80.375,0.000,2
75.882,5409.000,80.371,0.000,2
75.927,5408.000,80.367,0.000,2
75.972,5407.000,80.363,0.000,2
76.017,5406.000,80.358,0.000,2
76.061,5405.000,80.354,0.000,2
76.106,5404.000,80.350,0.000,2
76.151,5403.000,80.345,0.000,2
76.196,5402.000,80.341,0.000,2
76.241,5401.000,80.337,0.000,2
76.285,5400.000,80.332,0.000,2
76.330,5399.000,80.328,0.000,2
76.375,5398.000,80.324,0.000,2
76.420,5397.000,80.319,0.000,2
76.465,5396.000,80.315,0.000,2
76.510,5395.000,80.311,0.000,2
76.554,5394.000,80.306,0.000,2
76.599,5393.000,80.302,0.000,2
76.644,5392.000,80.298,0.000,2
76.689,5391.000,80.293,0.000,2
76.734,5390.000,80.289,0.000,2
76.779,5389.000,80.285,0.000,2
76.823,5388.000,80.280,0.000,2
76.868,5387.000,80.276,0.000,2
76.913,5386.000,80.272,0.000,2
76.958,5385.000,80.268,0.000,2
77.003,5384.000,80.263,0.000,2
77.048,5383.000,80.259,0.000,2
77.093,5382.000,80.255,0.000,2
77.137,5381.000,80.250,0.000,2
77.182,5380.000,80.246,0.000,2
77.227,5379.000,80.242,0.000,2
77.272,5378.000,80.237,0.000,2
77.317,5377.000,80.233,0.000,2
77.362,5376.000,80.229,0.000,2
77.407,5375.000,80.224,0.000,2
77.451,5374.000,80.220,0.000,2
77.496,5373.000,80.216,0.000,2
77.541,5372.000,80.211,0.000,2
77.586,5371.000,80.207,0.000,2
77.631,5370.000,80.203,0.000,2
77.676,5369.000,80.199,0.000,2
77.721,5368.000,80.194,0.000,2
77.766,5367.000,80.190,0.000,2
77.811,5366.000,80.186,0.000,2
77.855,5365.000,80.181,0.000,2
77.900,5364.000,80.177,0.000,2
77.945,5363.000,80.173,0.000,2
77.990,5362.000,80.168,0.000,2
78.035,5361.000,80.164,0.000,2
78.080,5360.000,80.160,0.000,2
78.125,5359.000,80.155,0.000,2
78.170,5358.000,80.151,0.000,2
78.215,5357.000,80.147,0.000,2
78.260,5356.000,80.142,0.000,2
78.305,5355.000,80.138,0.000,2
78.349,5354.000,80.134,0.000,2
78.394,5353.000,80.130,0.000,2
78.439,5352.000,80.125,0.000,2
78.484,5351.000,80.121,0.000,2
78.529,5350.000,80.117,0.000,2
78.574,5349.000,80.112,0.000,2
78.619,5348.000,80.108,0.000,2
78.664,5347.000,80.104,0.000,2
78.709,5346.000,80.099,0.000,2
78.754,5345.000,80.095,0.000,2
78.799,5344.000,80.091,0.000,2
78.844,5343.000,80.086,0.000,2
78.889,5342.000,80.082,0.000,2
78.934,5341.000,80.078,0.000,2
78.979,5340.000,80.074,0.000,2
79.024,5339.000,80.069,0.000,2
79.069,5338.000,80.065,0.000,2
79.114,5337.000,80.061,0.000,2
79.159,5336.000,80.056,0.000,2
79.203,5335.000,80.052,0.000,2
79.248,5334.000,80.048,0.000,2
79.293,5333.000,80.043,0.000,2
79.338,5332.000,80.039,0.000,2
79.383,5331.000,80.035,0.000,2
79.428,5330.000,80.030,0.000,2
79.473,5329.000,80.026,0.000,2
79.518,5328.000,80.022,0.000,2
79.563,5327.000,80.018,0.000,2
79.608,5326.000,80.013,0.000,2
79.653,5325.000,80.009,0.000,2
79.698,5324.000,80.005,0.000,2
79.743,5323.000,80.001,0.000,2
79.788,5322.000,79.997,0.000,2
79.833,5321.000,79.994,0.000,2
79.878,5320.000,79.990,0.000,2
79.923,5319.000,79.986,0.000,2
79.968,5318.000,79.983,0.000,2
80.013,5317.000,79.979,0.000,2
80.058,5316.000,79.976,0.000,2
80.103,5315.000,79.972,0.000,2
80.148,5314.000,79.968,0.000,2
80.193,5313.000,79.965,0.000,2
80.238,5312.000,79.961,0.000,2
80.283,5311.000,79.957,0.000,2
80.328,5310.000,79.954,0.000,2
80.373,5309.000,79.950,0.000,2
80.419,5308.000,79.946,0.000,2
80.464,5307.000,79.943,0.000,2
80.509,5306.000,79.939,0.000,2
80.554,5305.000,79.936,0.000,2
80.599,5304.000,79.932,0.000,2
80.644,5303.000,79.928,0.000,2
80.689,5302.000,79.925,0.000,2
80.734,5301.000,79.921,0.000,2
80.779,5300.000,79.917,0.000,2
80.824,5299.000,79.914,0.000,2
80.869,5298.000,79.910,0.000,2
80.914,5297.000,79.906,0.000,2
80.959,5296.000,79.903,0.000,2
81.004,5295.000,79.899,0.000,2
81.049,5294.000,79.896,0.000,2
81.094,5293.000,79.892,0.000,2
81.139,5292.000,79.888,0.000,2
81.184,5291.000,79.885,0.000,2
81.229,5290.000,79.881,0.000,2
81.274,5289.000,79.877,0.000,2
81.320,5288.000,79.874,0.000,2
81.365,5287.000,79.870,0.000,2
81.410,5286.000,79.866,0.000,2
81.455,5285.000,79.863,0.000,2
81.500,5284.000,79.859,0.000,2
81.545,5283.000,79.856,0.000,2
81.590,5282.000,79.852,0.000,2
81.635,5281.000,79.848,0.000,2
81.680,5280.000,79.845,0.000,2
81.725,5279.000,79.841,0.000,2
81.770,5278.000,79.837,0.000,2
81.815,5277.000,79.834,0.000,2
81.861,5276.000,79.830,0.000,2
81.906,5275.000,79.827,0.000,2
81.951,5274.000,79.823,0.000,2
81.996,5273.000,79.819,0.000,2
82.041,5272.000,79.816,0.000,2
82.086,5271.000,79.812,0.000,2
82.131,5270.000,79.808,0.000,2
82.176,5269.000,79.805,0.000,2
82.221,5268.000,79.801,0.000,2
82.266,5267.000,79.797,0.000,2
82.312,5266.000,79.794,0.000,2
82.357,5265.000,79.790,0.000,2
82.402,5264.000,79.787,0.000,2
82.447,5263.000,79.783,0.000,2
82.492,5262.000,79.779,0.000,2
82.537,5261.000,79.776,0.000,2
82.582,5260.000,79.772,0.000,2
82.627,5259.000,79.768,0.000,2
82.673,5258.000,79.765,0.000,2
82.718,5257.000,79.761,0.000,2
82.763,5256.000,79.758,0.000,2
82.808,5255.000,79.754,0.000,2
82.853,5254.000,79.750,0.000,2
82.898,5253.000,79.747,0.000,2
82.943,5252.000,79.743,0.000,2
82.989,5251.000,79.739,0.000,2
83.034,5250.000,79.736,0.000,2
83.079,5249.000,79.732,0.000,2
83.124,5248.000,79.729,0.000,2
83.169,5247.000,79.725,0.000,2
83.214,5246.000,79.721,0.000,2
83.259,5245.000,79.718,0.000,2
83.305,5244.000,79.714,0.000,2
83.350,5243.000,79.710,0.000,2
83.395,5242.000,79.707,0.000,2
83.440,5241.000,79.703,0.000,2
83.485,5240.000,79.700,0.000,2
83.530,5239.000,79.696,0.000,2
83.576,5238.000,79.692,0.000,2
83.621,5237.000,79.689,0.000,2
83.666,5236.000,79.685,0.000,2
83.711,5235.000,79.681,0.000,2
83.756,5234.000,79.678,0.000,2
83.802,5233.000,79.674,0.000,2
83.847,5232.000,79.670,0.000,2
83.892,5231.000,79.667,0.000,2
83.937,5230.000,79.663,0.000,2
83.982,5229.000,79.660,0.000,2
84.028,5228.000,79.656,0.000,2
84.073,5227.000,79.652,0.000,2
84.118,5226.000,79.649,0.000,2
84.163,5225.000,79.645,0.000,2
84.208,5224.000,79.641,0.000,2
84.253,5223.000,79.638,0.000,2
84.299,5222.000,79.634,0.000,2
84.344,5221.000,79.631,0.000,2
84.389,5220.000,79.627,0.000,2
84.434,5219.000,79.623,0.000,2
84.480,5218.000,79.620,0.000,2
84.525,5217.000,79.616,0.000,2
84.570,5216.000,79.612,0.000,2
84.615,5215.000,79.609,0.000,2
84.660,5214.000,79.605,0.000,2
84.706,5213.000,79.602,0.000,2
84.751,5212.000,79.598,0.000,2
84.796,5211.000,79.594,0.000,2
84.841,5210.000,79.591,0.000,2
84.887,5209.000,79.587,0.000,2
84.932,5208.000,79.584,0.000,2
84.977,5207.000,79.580,0.000,2
85.022,5206.000,79.576,0.000,2
85.068,5205.000,79.573,0.000,2
85.113,5204.000,79.569,0.000,2
85.158,5203.000,79.565,0.000,2
85.203,5202.000,79.562,0.000,2
85.248,5201.000,79.558,0.000,2
85.294,5200.000,79.555,0.000,2
85.339,5199.000,79.551,0.000,2
85.384,5198.000,79.547,0.000,2
85.430,5197.000,79.544,0.000,2
85.475,5196.000,79.540,0.000,2
85.520,5195.000,79.536,0.000,2
85.565,5194.000,79.533,0.000,2
85.611,5193.000,79.529,0.000,2
85.656,5192.000,79.526,0.000,2
85.701,5191.000,79.522,0.000,2
85.746,5190.000,79.518,0.000,2
85.792,5189.000,79.515,0.000,2
85.837,5188.000,79.511,0.000,2
85.882,5187.000,79.507,0.000,2
85.927,5186.000,79.504,0.000,2
85.973,5185.000,79.500,0.000,2
86.018,5184.000,79.497,0.000,2
86.063,5183.000,79.493,0.000,2
86.109,5182.000,79.489,0.000,2
86.154,5181.000,79.486,0.000,2
86.199,5180.000,79.482,0.000,2
86.244,5179.000,79.479,0.000,2
86.290,5178.000,79.475,0.000,2
86.335,5177.000,79.471,0.000,2
86.380,5176.000,79.468,0.000,2
86.426,5175.000,79.464,0.000,2
86.471,5174.000,79.460,0.000,2
86.516,5173.000,79.457,0.000,2
86.562,5172.000,79.453,0.000,2
86.607,5171.000,79.450,0.000,2
86.652,5170.000,79.446,0.000,2
86.698,5169.000,79.442,0.000,2
86.743,5168.000,79.439,0.000,2
86.788,5167.000,79.435,0.000,2
86.834,5166.000,79.431,0.000,2
86.879,5165.000,79.428,0.000,2
86.924,5164.000,79.424,0.000,2
86.969,5163.000,79.421,0.000,2
87.015,5162.000,79.417,0.000,2
87.060,5161.000,79.413,0.000,2
87.105,5160.000,79.410,0.000,2
87.151,5159.000,79.406,0.000,2
87.196,5158.000,79.403,0.000,2
87.241,5157.000,79.399,0.000,2
87.287,5156.000,79.395,0.000,2
87.332,5155.000,79.392,0.000,2
87.378,5154.000,79.388,0.000,2
87.423,5153.000,79.384,0.000,2
87.468,5152.000,79.381,0.000,2
87.514,5151.000,79.377,0.000,2
87.559,5150.000,79.374,0.000,2
87.604,5149.000,79.370,0.000,2
87.650,5148.000,79.366,0.000,2
87.695,5147.000,79.363,0.000,2
87.740,5146.000,79.359,0.000,2
87.786,5145.000,79.356,0.000,2
87.831,5144.000,79.352,0.000,2
87.876,5143.000,79.348,0.000,2
87.922,5142.000,79.345,0.000,2
87.967,5141.000,79.341,0.000,2
88.013,5140.000,79.337,0.000,2
88.058,5139.000,79.334,0.000,2
88.103,5138.000,79.330,0.000,2
88.149,5137.000,79.327,0.000,2
88.194,5136.000,79.323,0.000,2
88.239,5135.000,79.319,0.000,2
88.285,5134.000,79.316,0.000,2
88.330,5133.000,79.312,0.000,2
88.376,5132.000,79.309,0.000,2
88.421,5131.000,79.305,0.000,2
88.466,5130.000,79.301,0.000,2
88.512,5129.000,79.298,0.000,2
88.557,5128.000,79.294,0.000,2
88.603,5127.000,79.291,0.000,2
88.648,5126.000,79.287,0.000,2
88.693,5125.000,79.283,0.000,2
88.739,5124.000,79.280,0.000,2
88.784,5123.000,79.276,0.000,2
88.830,5122.000,79.272,0.000,2
88.875,5121.000,79.269,0.000,2
88.921,5120.000,79.265,0.000,2
88.966,5119.000,79.262,0.000,2
89.011,5118.000,79.258,0.000,2
89.057,5117.000,79.254,0.000,2
89.102,5116.000,79.251,0.000,2
89.148,5115.000,79.247,0.000,2
89.193,5114.000,79.244,0.000,2
89.238,5113.000,79.240,0.000,2
89.284,5112.000,79.236,0.000,2
89.329,5111.000,79.233,0.000,2
89.375,5110.000,79.229,0.000,2
89.420,5109.000,79.226,0.000,2
89.466,5108.000,79.222,0.000,2
89.511,5107.000,79.218,0.000,2
89.557,5106.000,79.215,0.000,2
89.602,5105.000,79.211,0.000,2
89.647,5104.000,79.207,0.000,2
89.693,5103.000,79.204,0.000,2
89.738,5102.000,79.200,0.000,2
89.784,5101.000,79.197,0.000,2
89.829,5100.000,79.193,0.000,2
89.875,5099.000,79.189,0.000,2
89.920,5098.000,79.186,0.000,2
89.966,5097.000,79.182,0.000,2
90.011,5096.000,79.179,0.000,2
90.057,5095.000,79.175,0.000,2
90.102,5094.000,79.171,0.000,2
90.148,5093.000,79.168,0.000,2
90.193,5092.000,79.164,0.000,2
90.238,5091.000,79.161,0.000,2
90.284,5090.000,79.157,0.000,2
90.329,5089.000,79.153,0.000,2
90.375,5088.000,79.150,0.000,2
90.420,5087.000,79.146,0.000,2
90.466,5086.000,79.143,0.000,2
90.511,5085.000,79.139,0.000,2
90.557,5084.000,79.135,0.000,2
90.602,5083.000,79.132,0.000,2
90.648,5082.000,79.128,0.000,2
90.693,5081.000,79.124,0.000,2
90.739,5080.000,79.121,0.000,2
90.784,5079.000,79.117,0.000,2
90.830,5078.000,79.114,0.000,2
90.875,5077.000,79.110,0.000,2
90.921,5076.000,79.106,0.000,2
90.966,5075.000,79.103,0.000,2
91.012,5074.000,79.099,0.000,2
91.057,5073.000,79.096,0.000,2
91.103,5072.000,79.092,0.000,2
91.148,5071.000,79.088,0.000,2
91.194,5070.000,79.085,0.000,2
91.239,5069.000,79.081,0.000,2
91.285,5068.000,79.078,0.000,2
91.331,5067.000,79.074,0.000,2
91.376,5066.000,79.070,0.000,2
91.422,5065.000,79.067,0.000,2
91.467,5064.000,79.063,0.000,2
91.513,5063.000,79.060,0.000,2
91.558,5062.000,79.056,0.000,2
91.604,5061.000,79.052,0.000,2
91.649,5060.000,79.049,0.000,2
91.695,5059.000,79.045,0.000,2
91.740,5058.000,79.042,0.000,2
91.786,5057.000,79.038,0.000,2
91.831,5056.000,79.034,0.000,2
91.877,5055.000,79.031,0.000,2
91.923,5054.000,79.027,0.000,2
91.968,5053.000,79.024,0.000,2
92.014,5052.000,79.020,0.000,2
92.059,5051.000,79.016,0.000,2
92.105,5050.000,79.013,0.000,2
92.150,5049.000,79.009,0.000,2
92.196,5048.000,79.006,0.000,2
92.241,5047.000,79.002,0.000,2
92.287,5046.000,78.998,0.000,2
92.333,5045.000,78.995,0.000,2
92.378,5044.000,78.991,0.000,2
92.424,5043.000,78.988,0.000,2
92.469,5042.000,78.984,0.000,2
92.515,5041.000,78.980,0.000,2
92.561,5040.000,78.977,0.000,2
92.606,5039.000,78.973,0.000,2
92.652,5038.000,78.970,0.000,2
92.697,5037.000,78.966,0.000,2
92.743,5036.000,78.962,0.000,2
92.788,5035.000,78.959,0.000,2
92.834,5034.000,78.955,0.000,2
92.880,5033.000,78.948,0.000,2
92.925,5032.000,78.940,0.000,2
92.971,5031.000,78.932,0.000,2
93.016,5030.000,78.925,0.000,2
93.062,5029.000,78.917,0.000,2
93.108,5028.000,78.910,0.000,2
93.153,5027.000,78.902,0.000,2
93.199,5026.000,78.894,0.000,2
93.245,5025.000,78.887,0.000,2
93.290,5024.000,78.879,0.000,2
93.336,5023.000,78.872,0.000,2
93.382,5022.000,78.864,0.000,2
93.427,5021.000,78.856,0.000,2
93.473,5020.000,78.849,0.000,2
93.518,5019.000,78.841,0.000,2
93.564,5018.000,78.834,0.000,2
93.610,5017.000,78.826,0.000,2
93.655,5016.000,78.819,0.000,2
93.701,5015.000,78.811,0.000,2
93.747,5014.000,78.803,0.000,2
93.793,5013.000,78.796,0.000,2
93.838,5012.000,78.788,0.000,2
93.884,5011.000,78.781,0.000,2
93.930,5010.000,78.773,0.000,2
93.975,5009.000,78.765,0.000,2
94.021,5008.000,78.754,0.000,2
94.067,5007.000,78.742,0.000,2
94.112,5006.000,78.731,0.000,2
94.158,5005.000,78.719,0.000,2
94.204,5004.000,78.707,0.000,2
94.250,5003.000,78.696,0.000,2
94.295,5002.000,78.684,0.000,2
94.341,5001.000,78.673,0.000,2
94.387,5000.000,78.661,0.000,2
94.433,4999.000,78.649,0.000,2
94.478,4998.000,78.638,0.000,2
94.524,4997.000,78.626,0.000,2
94.570,4996.000,78.615,0.000,2
94.616,4995.000,78.603,0.000,2
94.662,4994.000,78.591,0.000,2
94.707,4993.000,78.580,0.000,2
94.753,4992.000,78.568,0.000,2
94.799,4991.000,78.557,0.000,2
94.845,4990.000,78.545,0.000,2
94.891,4989.000,78.533,0.000,2
94.937,4988.000,78.522,0.000,2
94.982,4987.000,78.510,0.000,2
95.028,4986.000,78.499,0.000,2
95.074,4985.000,78.487,0.000,2
95.120,4984.000,78.475,0.000,2
95.166,4983.000,78.460,0.000,2
95.212,4982.000,78.444,0.000,2
95.258,4981.000,78.429,0.000,2
95.304,4980.000,78.413,0.000,2
95.350,4979.000,78.397,0.000,2
95.395,4978.000,78.382,0.000,2
95.441,4977.000,78.366,0.000,2
95.487,4976.000,78.350,0.000,2
95.533,4975.000,78.335,0.000,2
95.579,4974.000,78.319,0.000,2
95.625,4973.000,78.303,0.000,2
95.671,4972.000,78.288,0.000,2
95.717,4971.000,78.272,0.000,2
95.763,4970.000,78.256,0.000,2
95.809,4969.000,78.241,0.000,2
95.855,4968.000,78.225,0.000,2
95.901,4967.000,78.210,0.000,2
95.947,4966.000,78.194,0.000,2
95.993,4965.000,78.178,0.000,2
96.039,4964.000,78.163,0.000,2
96.085,4963.000,78.147,0.000,2
96.132,4962.000,78.131,0.000,2
96.178,4961.000,78.116,0.000,2
96.224,4960.000,78.100,0.000,2
96.270,4959.000,78.084,0.000,2
96.316,4958.000,78.065,0.000,2
96.362,4957.000,78.045,0.000,2
96.408,4956.000,78.025,0.000,2
96.454,4955.000,78.005,0.000,2
96.500,4954.000,77.986,0.000,2
96.547,4953.000,77.966,0.000,2
96.593,4952.000,77.946,0.000,2
96.639,4951.000,77.926,0.000,2
96.685,4950.000,77.907,0.000,2
96.731,4949.000,77.887,0.000,2
96.778,4948.000,77.867,0.000,2
96.824,4947.000,77.848,0.000,2
96.870,4946.000,77.828,0.000,2
96.916,4945.000,77.808,0.000,2
96.963,4944.000,77.788,0.000,2
97.009,4943.000,77.769,0.000,2
97.055,4942.000,77.749,0.000,2
97.102,4941.000,77.729,0.000,2
97.148,4940.000,77.709,0.000,2
97.194,4939.000,77.689,0.000,2
97.241,4938.000,77.670,0.000,2
97.287,4937.000,77.650,0.000,2
97.333,4936.000,77.630,0.000,2
97.380,4935.000,77.610,0.000,2
97.426,4934.000,77.591,0.000,2
97.472,4933.000,77.571,0.000,2
97.519,4932.000,77.551,0.000,2
97.565,4931.000,77.531,0.000,2
97.612,4930.000,77.511,0.000,2
97.658,4929.000,77.492,0.000,2
97.705,4928.000,77.472,0.000,2
97.751,4927.000,77.452,0.000,2
97.798,4926.000,77.432,0.000,2
97.844,4925.000,77.412,0.000,2
97.891,4924.000,77.393,0.000,2
97.937,4923.000,77.373,0.000,2
97.984,4922.000,77.353,0.000,2
98.030,4921.000,77.333,0.000,2
98.077,4920.000,77.313,0.000,2
98.123,4919.000,77.293,0.000,2
98.170,4918.000,77.274,0.000,2
98.217,4917.000,77.254,0.000,2
98.263,4916.000,77.234,0.000,2
98.310,4915.000,77.214,0.000,2
98.356,4914.000,77.194,0.000,2
98.403,4913.000,77.174,0.000,2
98.450,4912.000,77.154,0.000,2
98.496,4911.000,77.135,0.000,2
98.543,4910.000,77.115,0.000,2
98.590,4909.000,77.095,0.000,2
98.636,4908.000,77.075,0.000,2
98.683,4907.000,77.055,0.000,2
98.730,4906.000,77.035,0.000,2
98.777,4905.000,77.015,0.000,2
98.823,4904.000,76.995,0.000,2
98.870,4903.000,76.976,0.000,2
98.917,4902.000,76.956,0.000,2
98.964,4901.000,76.936,0.000,2
99.010,4900.000,76.916,0.000,2
99.057,4899.000,76.896,0.000,2
99.104,4898.000,76.876,0.000,2
99.151,4897.000,76.856,0.000,2
99.198,4896.000,76.836,0.000,2
99.245,4895.000,76.816,0.000,2
99.291,4894.000,76.796,0.000,2
99.338,4893.000,76.776,0.000,2
99.385,4892.000,76.756,0.000,2
99.432,4891.000,76.737,0.000,2
99.479,4890.000,76.717,0.000,2
99.526,4889.000,76.697,0.000,2
99.573,4888.000,76.677,0.000,2
99.620,4887.000,76.657,0.000,2
99.667,4886.000,76.637,0.000,2
99.714,4885.000,76.617,0.000,2
99.761,4884.000,76.597,0.000,2
99.808,4883.000,76.577,0.000,2
99.855,4882.000,76.557,0.000,2
99.902,4881.000,76.537,0.000,2
99.949,4880.000,76.517,0.000,2
99.996,4879.000,76.497,0.000,2
100.043,4878.000,76.477,0.000,2
100.090,4877.000,76.457,0.000,2
100.137,4876.000,76.437,0.000,2
100.184,4875.000,76.417,0.000,2
100.231,4874.000,76.397,0.000,2
100.279,4873.000,76.377,0.000,2
100.326,4872.000,76.357,0.000,2
100.373,4871.000,76.337,0.000,2
100.420,4870.000,76.317,0.000,2
100.467,4869.000,76.297,0.000,2
100.514,4868.000,76.277,0.000,2
100.562,4867.000,76.257,0.000,2
100.609,4866.000,76.237,0.000,2
100.656,4865.000,76.217,0.000,2
100.703,4864.000,76.197,0.000,2
100.751,4863.000,76.177,0.000,2
100.798,4862.000,76.157,0.000,2
100.845,4861.000,76.137,0.000,2
100.892,4860.000,76.117,0.000,2
100.940,4859.000,76.097,0.000,2
100.987,4858.000,76.077,0.000,2
101.034,4857.000,76.057,0.000,2
101.082,4856.000,76.037,0.000,2
101.129,4855.000,76.017,0.000,2
101.176,4854.000,75.996,0.000,2
101.224,4853.000,75.976,0.000,2
101.271,4852.000,75.956,0.000,2
101.319,4851.000,75.936,0.000,2
101.366,4850.000,75.916,0.000,2
101.413,4849.000,75.896,0.000,2
101.461,4848.000,75.876,0.000,2
101.508,4847.000,75.856,0.000,2
101.556,4846.000,75.836,0.000,2
101.603,4845.000,75.816,0.000,2
101.651,4844.000,75.796,0.000,2
101.698,4843.000,75.776,0.000,2
101.746,4842.000,75.755,0.000,2
101.793,4841.000,75.735,0.000,2
101.841,4840.000,75.715,0.000,2
101.888,4839.000,75.695,0.000,2
101.936,4838.000,75.675,0.000,2
101.984,4837.000,75.655,0.000,2
102.031,4836.000,75.635,0.000,2
102.079,4835.000,75.615,0.000,2
102.126,4834.000,75.594,0.000,2
102.174,4833.000,75.574,0.000,2
102.222,4832.000,75.554,0.000,2
102.269,4831.000,75.534,0.000,2
102.317,4830.000,75.514,0.000,2
102.365,4829.000,75.494,0.000,2
102.412,4828.000,75.474,0.000,2
102.460,4827.000,75.453,0.000,2
102.508,4826.000,75.433,0.000,2
102.555,4825.000,75.413,0.000,2
102.603,4824.000,75.393,0.000,2
102.651,4823.000,75.373,0.000,2
102.699,4822.000,75.353,0.000,2
102.746,4821.000,75.332,0.000,2
102.794,4820.000,75.312,0.000,2
102.842,4819.000,75.292,0.000,2
102.890,4818.000,75.272,0.000,2
102.938,4817.000,75.252,0.000,2
102.986,4816.000,75.231,0.000,2
103.033,4815.000,75.211,0.000,2
103.081,4814.000,75.191,0.000,2
103.129,4813.000,75.171,0.000,2
103.177,4812.000,75.150,0.000,2
103.225,4811.000,75.130,0.000,2
103.273,4810.000,75.110,0.000,2
103.321,4809.000,75.090,0.000,2
103.369,4808.000,75.070,0.000,2
103.417,4807.000,75.049,0.000,2
103.465,4806.000,75.029,0.000,2
103.513,4805.000,75.009,0.000,2
103.561,4804.000,74.989,0.000,2
103.609,4803.000,74.969,0.000,2
103.657,4802.000,74.949,0.000,2
103.705,4801.000,74.930,0.000,2
103.753,4800.000,74.910,0.000,2
103.801,4799.000,74.891,0.000,2
103.849,4798.000,74.871,0.000,2
103.897,4797.000,74.851,0.000,2
103.945,4796.000,74.832,0.000,2
103.993,4795.000,74.812,0.000,2
104.041,4794.000,74.793,0.000,2
104.090,4793.000,74.773,0.000,2
104.138,4792.000,74.753,0.000,2
104.186,4791.000,74.734,0.000,2
104.234,4790.000,74.714,0.000,2
104.282,4789.000,74.694,0.000,2
104.330,4788.000,74.675,0.000,2
104.379,4787.000,74.655,0.000,2
104.427,4786.000,74.636,0.000,2
104.475,4785.000,74.616,0.000,2
104.523,4784.000,74.596,0.000,2
104.572,4783.000,74.577,0.000,2
104.620,4782.000,74.557,0.000,2
104.668,4781.000,74.537,0.000,2
104.717,4780.000,74.518,0.000,2
104.765,4779.000,74.498,0.000,2
104.813,4778.000,74.478,0.000,2
104.862,4777.000,74.459,0.000,2
104.910,4776.000,74.439,0.000,2
104.958,4775.000,74.419,0.000,2
105.007,4774.000,74.400,0.000,2
105.055,4773.000,74.380,0.000,2
105.103,4772.000,74.360,0.000,2
105.152,4771.000,74.340,0.000,2
105.200,4770.000,74.321,0.000,2
105.249,4769.000,74.301,0.000,2
105.297,4768.000,74.281,0.000,2
105.346,4767.000,74.262,0.000,2
105.394,4766.000,74.242,0.000,2
105.443,4765.000,74.222,0.000,2
105.491,4764.000,74.202,0.000,2
105.540,4763.000,74.183,0.000,2
105.588,4762.000,74.163,0.000,2
105.637,4761.000,74.143,0.000,2
105.685,4760.000,74.124,0.000,2
105.734,4759.000,74.104,0.000,2
105.782,4758.000,74.084,0.000,2
105.831,4757.000,74.064,0.000,2
105.880,4756.000,74.045,0.000,2
105.928,4755.000,74.025,0.000,2
105.977,4754.000,74.005,0.000,2
106.026,4753.000,73.985,0.000,2
106.074,4752.000,73.966,0.000,2
106.123,4751.000,73.946,0.000,2
106.172,4750.000,73.926,0.000,2
106.220,4749.000,73.906,0.000,2
106.269,4748.000,73.886,0.000,2
106.318,4747.000,73.867,0.000,2
106.367,4746.000,73.847,0.000,2
106.415,4745.000,73.827,0.000,2
106.464,4744.000,73.807,0.000,2
106.513,4743.000,73.787,0.000,2
106.562,4742.000,73.768,0.000,2
106.610,4741.000,73.748,0.000,2
106.659,4740.000,73.728,0.000,2
106.708,4739.000,73.708,0.000,2
106.757,4738.000,73.688,0.000,2
106.806,4737.000,73.669,0.000,2
106.855,4736.000,73.649,0.000,2
106.904,4735.000,73.629,0.000,2
106.952,4734.000,73.609,0.000,2
107.001,4733.000,73.589,0.000,2
107.050,4732.000,73.569,0.000,2
107.099,4731.000,73.550,0.000,2
107.148,4730.000,73.530,0.000,2
107.197,4729.000,73.510,0.000,2
107.246,4728.000,73.490,0.000,2
107.295,4727.000,73.470,0.000,2
107.344,4726.000,73.450,0.000,2
107.393,4725.000,73.430,0.000,2
107.442,4724.000,73.411,0.000,2
107.491,4723.000,73.391,0.000,2
107.540,4722.000,73.371,0.000,2
107.589,4721.000,73.351,0.000,2
107.638,4720.000,73.331,0.000,2
107.688,4719.000,73.311,0.000,2
107.737,4718.000,73.291,0.000,2
107.786,4717.000,73.271,0.000,2
107.835,4716.000,73.252,0.000,2
107.884,4715.000,73.232,0.000,2
107.933,4714.000,73.212,0.000,2
107.982,4713.000,73.192,0.000,2
108.032,4712.000,73.172,0.000,2
108.081,4711.000,73.152,0.000,2
108.130,4710.000,73.132,0.000,2
108.179,4709.000,73.112,0.000,2
108.229,4708.000,73.092,0.000,2
108.278,4707.000,73.072,0.000,2
108.327,4706.000,73.052,0.000,2
108.376,4705.000,73.032,0.000,2
108.426,4704.000,73.012,0.000,2
108.475,4703.000,72.993,0.000,2
108.524,4702.000,72.973,0.000,2
108.574,4701.000,72.953,0.000,2
108.623,4700.000,72.933,0.000,2
108.672,4699.000,72.913,0.000,2
108.722,4698.000,72.893,0.000,2
108.771,4697.000,72.873,0.000,2
108.821,4696.000,72.853,0.000,2
108.870,4695.000,72.833,0.000,2
108.919,4694.000,72.813,0.000,2
108.969,4693.000,72.793,0.000,2
109.018,4692.000,72.773,0.000,2
109.068,4691.000,72.753,0.000,2
109.117,4690.000,72.733,0.000,2
109.167,4689.000,72.713,0.000,2
109.216,4688.000,72.693,0.000,2
109.266,4687.000,72.673,0.000,2
109.315,4686.000,72.653,0.000,2
109.365,4685.000,72.633,0.000,2
109.415,4684.000,72.613,0.000,2
109.464,4683.000,72.593,0.000,2
109.514,4682.000,72.573,0.000,2
109.563,4681.000,72.553,0.000,2
109.613,4680.000,72.533,0.000,2
109.663,4679.000,72.513,0.000,2
109.712,4678.000,72.493,0.000,2
109.762,4677.000,72.473,0.000,2
109.812,4676.000,72.453,0.000,2
109.861,4675.000,72.433,0.000,2
109.911,4674.000,72.412,0.000,2
109.961,4673.000,72.392,0.000,2
110.010,4672.000,72.372,0.000,2
110.060,4671.000,72.352,0.000,2
110.110,4670.000,72.332,0.000,2
110.160,4669.000,72.312,0.000,2
110.210,4668.000,72.292,0.000,2
110.259,4667.000,72.272,0.000,2
110.309,4666.000,72.252,0.000,2
110.359,4665.000,72.232,0.000,2
110.409,4664.000,72.212,0.000,2
110.459,4663.000,72.192,0.000,2
110.509,4662.000,72.172,0.000,2
110.558,4661.000,72.151,0.000,2
110.608,4660.000,72.131,0.000,2
110.658,4659.000,72.111,0.000,2
110.708,4658.000,72.091,0.000,2
110.758,4657.000,72.071,0.000,2
110.808,4656.000,72.051,0.000,2
110.858,4655.000,72.031,0.000,2
110.908,4654.000,72.011,0.000,2
110.958,4653.000,71.990,0.000,2
111.008,4652.000,71.970,0.000,2
111.058,4651.000,71.950,0.000,2
111.108,4650.000,71.930,0.000,2
111.158,4649.000,71.910,0.000,2
111.208,4648.000,71.890,0.000,2
111.258,4647.000,71.869,0.000,2
111.308,4646.000,71.849,0.000,2
111.359,4645.000,71.829,0.000,2
111.409,4644.000,71.809,0.000,2
111.459,4643.000,71.789,0.000,2
111.509,4642.000,71.769,0.000,2
111.559,4641.000,71.748,0.000,2
111.609,4640.000,71.728,0.000,2
111.660,4639.000,71.708,0.000,2
111.710,4638.000,71.688,0.000,2
111.760,4637.000,71.668,0.000,2
111.810,4636.000,71.647,0.000,2
111.860,4635.000,71.627,0.000,2
111.911,4634.000,71.607,0.000,2
111.961,4633.000,71.587,0.000,2
112.011,4632.000,71.567,0.000,2
112.062,4631.000,71.546,0.000,2
112.112,4630.000,71.526,0.000,2
112.162,4629.000,71.506,0.000,2
112.213,4628.000,71.486,0.000,2
112.263,4627.000,71.465,0.000,2
112.313,4626.000,71.445,0.000,2
112.364,4625.000,71.425,0.000,2
112.414,4624.000,71.405,0.000,2
112.465,4623.000,71.384,0.000,2
112.515,4622.000,71.364,0.000,2
112.565,4621.000,71.344,0.000,2
112.616,4620.000,71.324,0.000,2
112.666,4619.000,71.303,0.000,2
112.717,4618.000,71.283,0.000,2
112.767,4617.000,71.263,0.000,2
112.818,4616.000,71.243,0.000,2
112.868,4615.000,71.222,0.000,2
112.919,4614.000,71.202,0.000,2
112.970,4613.000,71.182,0.000,2
113.020,4612.000,71.161,0.000,2
113.071,4611.000,71.141,0.000,2
113.121,4610.000,71.121,0.000,2
113.172,4609.000,71.100,0.000,2
113.223,4608.000,71.080,0.000,2
113.273,4607.000,71.060,0.000,2
113.324,4606.000,71.040,0.000,2
113.375,4605.000,71.019,0.000,2
113.425,4604.000,70.999,0.000,2
113.476,4603.000,70.979,0.000,2
113.527,4602.000,70.958,0.000,2
113.578,4601.000,70.938,0.000,2
113.628,4600.000,70.917,0.000,2
113.679,4599.000,70.897,0.000,2
113.730,4598.000,70.877,0.000,2
113.781,4597.000,70.856,0.000,2
113.831,4596.000,70.836,0.000,2
113.882,4595.000,70.816,0.000,2
113.933,4594.000,70.795,0.000,2
113.984,4593.000,70.775,0.000,2
114.035,4592.000,70.755,0.000,2
114.086,4591.000,70.734,0.000,2
114.137,4590.000,70.714,0.000,2
114.188,4589.000,70.693,0.000,2
114.239,4588.000,70.673,0.000,2
114.289,4587.000,70.653,0.000,2
114.340,4586.000,70.632,0.000,2
114.391,4585.000,70.612,0.000,2
114.442,4584.000,70.591,0.000,2
114.493,4583.000,70.571,0.000,2
114.544,4582.000,70.551,0.000,2
114.595,4581.000,70.530,0.000,2
114.646,4580.000,70.510,0.000,2
114.698,4579.000,70.489,0.000,2
114.749,4578.000,70.469,0.000,2
114.800,4577.000,70.448,0.000,2
114.851,4576.000,70.428,0.000,2
114.902,4575.000,70.407,0.000,2
114.953,4574.000,70.387,0.000,2
115.004,4573.000,70.367,0.000,2
115.055,4572.000,70.346,0.000,2
115.107,4571.000,70.326,0.000,2
115.158,4570.000,70.305,0.000,2
115.209,4569.000,70.285,0.000,2
115.260,4568.000,70.264,0.000,2
115.311,4567.000,70.244,0.000,2
115.363,4566.000,70.223,0.000,2
115.414,4565.000,70.203,0.000,2
115.465,4564.000,70.182,0.000,2
115.517,4563.000,70.162,0.000,2
115.568,4562.000,70.141,0.000,2
115.619,4561.000,70.121,0.000,2
115.671,4560.000,70.100,0.000,2
115.722,4559.000,70.080,0.000,2
115.773,4558.000,70.059,0.000,2
115.825,4557.000,70.039,0.000,2
115.876,4556.000,70.018,0.000,2
115.928,4555.000,69.998,0.000,2
115.979,4554.000,69.978,0.000,2
116.030,4553.000,69.958,0.000,2
116.082,4552.000,69.938,0.000,2
116.133,4551.000,69.918,0.000,2
116.185,4550.000,69.898,0.000,2
116.236,4549.000,69.878,0.000,2
116.288,4548.000,69.858,0.000,2
116.339,4547.000,69.839,0.000,2
116.391,4546.000,69.819,0.000,2
116.443,4545.000,69.799,0.000,2
116.494,4544.000,69.779,0.000,2
116.546,4543.000,69.759,0.000,2
116.597,4542.000,69.739,0.000,2
116.649,4541.000,69.719,0.000,2
116.701,4540.000,69.699,0.000,2
116.752,4539.000,69.679,0.000,2
116.804,4538.000,69.659,0.000,2
116.856,4537.000,69.639,0.000,2
116.907,4536.000,69.620,0.000,2
116.959,4535.000,69.600,0.000,2
117.011,4534.000,69.580,0.000,2
117.063,4533.000,69.552,0.000,2
117.114,4532.000,69.524,0.000,2
117.166,4531.000,69.496,0.000,2
117.218,4530.000,69.469,0.000,2
117.270,4529.000,69.441,0.000,2
117.322,4528.000,69.413,0.000,2
117.374,4527.000,69.385,0.000,2
117.425,4526.000,69.357,0.000,2
117.477,4525.000,69.329,0.000,2
117.529,4524.000,69.302,0.000,2
117.581,4523.000,69.274,0.000,2
117.633,4522.000,69.246,0.000,2
117.685,4521.000,69.218,0.000,2
117.737,4520.000,69.190,0.000,2
117.789,4519.000,69.162,0.000,2
117.841,4518.000,69.134,0.000,2
117.893,4517.000,69.106,0.000,2
117.946,4516.000,69.078,0.000,2
117.998,4515.000,69.051,0.000,2
118.050,4514.000,69.023,0.000,2
118.102,4513.000,68.995,0.000,2
118.154,4512.000,68.967,0.000,2
118.206,4511.000,68.939,0.000,2
118.259,4510.000,68.911,0.000,2
118.311,4509.000,68.883,0.000,2
118.363,4508.000,68.847,0.000,2
118.415,4507.000,68.811,0.000,2
118.468,4506.000,68.775,0.000,2
118.520,4505.000,68.739,0.000,2
118.572,4504.000,68.703,0.000,2
118.625,4503.000,68.667,0.000,2
118.677,4502.000,68.631,0.000,2
118.730,4501.000,68.595,0.000,2
118.782,4500.000,68.559,0.000,2
118.835,4499.000,68.523,0.000,2
118.887,4498.000,68.487,0.000,2
118.940,4497.000,68.451,0.000,2
118.993,4496.000,68.415,0.000,2
119.045,4495.000,68.379,0.000,2
119.098,4494.000,68.343,0.000,2
119.151,4493.000,68.307,0.000,2
119.203,4492.000,68.271,0.000,2
119.256,4491.000,68.234,0.000,2
119.309,4490.000,68.198,0.000,2
119.362,4489.000,68.162,0.000,2
119.414,4488.000,68.126,0.000,2
119.467,4487.000,68.090,0.000,2
119.520,4486.000,68.053,0.000,2
119.573,4485.000,68.017,0.000,2
119.626,4484.000,67.981,0.000,2
119.679,4483.000,67.937,0.000,2
119.732,4482.000,67.892,0.000,2
119.785,4481.000,67.848,0.000,2
119.838,4480.000,67.803,0.000,2
119.891,4479.000,67.759,0.000,2
119.944,4478.000,67.715,0.000,2
119.998,4477.000,67.670,0.000,2
120.051,4476.000,67.626,0.000,2
120.104,4475.000,67.581,0.000,2
120.157,4474.000,67.537,0.000,2
120.211,4473.000,67.492,0.000,2
120.264,4472.000,67.448,0.000,2
120.317,4471.000,67.403,0.000,2
120.371,4470.000,67.358,0.000,2
120.424,4469.000,67.314,0.000,2
120.478,4468.000,67.269,0.000,2
120.531,4467.000,67.224,0.000,2
120.585,4466.000,67.180,0.000,2
120.638,4465.000,67.135,0.000,2
120.692,4464.000,67.090,0.000,2
120.746,4463.000,67.045,0.000,2
120.800,4462.000,67.000,0.000,2
120.853,4461.000,66.956,0.000,2
120.907,4460.000,66.911,0.000,2
120.961,4459.000,66.866,0.000,2
121.015,4458.000,66.813,0.000,2
121.069,4457.000,66.760,0.000,2
121.123,4456.000,66.706,0.000,2
121.177,4455.000,66.653,0.000,2
121.231,4454.000,66.600,0.000,2
121.285,4453.000,66.547,0.000,2
121.339,4452.000,66.493,0.000,2
121.393,4451.000,66.440,0.000,2
121.447,4450.000,66.387,0.000,2
121.501,4449.000,66.333,0.000,2
121.556,4448.000,66.280,0.000,2
121.610,4447.000,66.226,0.000,2
121.664,4446.000,66.173,0.000,2
121.719,4445.000,66.119,0.000,2
121.773,4444.000,66.066,0.000,2
121.828,4443.000,66.012,0.000,2
121.882,4442.000,65.958,0.000,2
121.937,4441.000,65.905,0.000,2
121.992,4440.000,65.851,0.000,2
122.046,4439.000,65.797,0.000,2
122.101,4438.000,65.743,0.000,2
122.156,4437.000,65.689,0.000,2
122.211,4436.000,65.635,0.000,2
122.266,4435.000,65.581,0.000,2
122.320,4434.000,65.527,0.000,2
122.375,4433.000,65.473,0.000,2
122.430,4432.000,65.419,0.000,2
122.485,4431.000,65.365,0.000,2
122.541,4430.000,65.311,0.000,2
122.596,4429.000,65.257,0.000,2
122.651,4428.000,65.203,0.000,2
122.706,4427.000,65.148,0.000,2
122.761,4426.000,65.094,0.000,2
122.817,4425.000,65.040,0.000,2
122.872,4424.000,64.985,0.000,2
122.928,4423.000,64.931,0.000,2
122.983,4422.000,64.878,0.000,2
123.039,4421.000,64.824,0.000,2
123.094,4420.000,64.770,0.000,2
123.150,4419.000,64.716,0.000,2
123.205,4418.000,64.662,0.000,2
123.261,4417.000,64.608,0.000,2
123.317,4416.000,64.554,0.000,2
123.373,4415.000,64.500,0.000,2
123.428,4414.000,64.446,0.000,2
123.484,4413.000,64.392,0.000,2
123.540,4412.000,64.337,0.000,2
123.596,4411.000,64.283,0.000,2
123.652,4410.000,64.229,0.000,2
123.708,4409.000,64.175,0.000,2
123.764,4408.000,64.120,0.000,2
123.821,4407.000,64.066,0.000,2
123.877,4406.000,64.011,0.000,2
123.933,4405.000,63.957,0.000,2
123.989,4404.000,63.902,0.000,2
124.046,4403.000,63.848,0.000,2
124.102,4402.000,63.793,0.000,2
124.159,4401.000,63.739,0.000,2
124.215,4400.000,63.684,0.000,2
124.272,4399.000,63.629,0.000,2
124.328,4398.000,63.574,0.000,2
124.385,4397.000,63.520,0.000,2
124.442,4396.000,63.465,0.000,2
124.498,4395.000,63.410,0.000,2
124.555,4394.000,63.355,0.000,2
124.612,4393.000,63.300,0.000,2
124.669,4392.000,63.245,0.000,2
124.726,4391.000,63.190,0.000,2
124.783,4390.000,63.135,0.000,2
124.840,4389.000,63.079,0.000,2
124.897,4388.000,63.024,0.000,2
124.954,4387.000,62.969,0.000,2
125.011,4386.000,62.914,0.000,2
125.069,4385.000,62.858,0.000,2
125.126,4384.000,62.803,0.000,2
125.183,4383.000,62.747,0.000,2
125.241,4382.000,62.692,0.000,2
125.298,4381.000,62.637,0.000,2
125.356,4380.000,62.581,0.000,2
125.413,4379.000,62.525,0.000,2
125.471,4378.000,62.470,0.000,2
125.528,4377.000,62.414,0.000,2
125.586,4376.000,62.358,0.000,2
125.644,4375.000,62.302,0.000,2
125.702,4374.000,62.247,0.000,2
125.760,4373.000,62.191,0.000,2
125.817,4372.000,62.135,0.000,2
125.875,4371.000,62.079,0.000,2
125.933,4370.000,62.023,0.000,2
125.991,4369.000,61.967,0.000,2
126.050,4368.000,61.911,0.000,2
126.108,4367.000,61.855,0.000,2
126.166,4366.000,61.798,0.000,2
126.224,4365.000,61.742,0.000,2
126.283,4364.000,61.686,0.000,2
126.341,4363.000,61.630,0.000,2
126.399,4362.000,61.573,0.000,2
126.458,4361.000,61.517,0.000,2
126.516,4360.000,61.460,0.000,2
126.575,4359.000,61.404,0.000,2
126.634,4358.000,61.347,0.000,2
126.692,4357.000,61.291,0.000,2
126.751,4356.000,61.234,0.000,2
126.810,4355.000,61.177,0.000,2
126.869,4354.000,61.120,0.000,2
126.928,4353.000,61.064,0.000,2
126.987,4352.000,61.007,0.000,2
127.046,4351.000,60.950,0.000,2
127.105,4350.000,60.893,0.000,2
127.164,4349.000,60.836,0.000,2
127.223,4348.000,60.779,0.000,2
127.283,4347.000,60.722,0.000,2
127.342,4346.000,60.665,0.000,2
127.401,4345.000,60.608,0.000,2
127.461,4344.000,60.550,0.000,2
127.520,4343.000,60.493,0.000,2
127.580,4342.000,60.436,0.000,2
127.639,4341.000,60.378,0.000,2
127.699,4340.000,60.321,0.000,2
127.759,4339.000,60.263,0.000,2
127.818,4338.000,60.206,0.000,2
127.878,4337.000,60.148,0.000,2
127.938,4336.000,60.091,0.000,2
127.998,4335.000,60.033,0.000,2
128.058,4334.000,59.975,0.000,2
128.118,4333.000,59.918,0.000,2
128.178,4332.000,59.861,0.000,2
128.238,4331.000,59.804,0.000,2
128.299,4330.000,59.747,0.000,2
128.359,4329.000,59.689,0.000,2
128.419,4328.000,59.632,0.000,2
128.480,4327.000,59.575,0.000,2
128.540,4326.000,59.517,0.000,2
128.601,4325.000,59.460,0.000,2
128.661,4324.000,59.402,0.000,2
128.722,4323.000,59.345,0.000,2
128.783,4322.000,59.287,0.000,2
128.843,4321.000,59.230,0.000,2
128.904,4320.000,59.172,0.000,2
128.965,4319.000,59.114,0.000,2
129.026,4318.000,59.056,0.000,2
129.087,4317.000,58.998,0.000,2
129.148,4316.000,58.940,0.000,2
129.209,4315.000,58.882,0.000,2
129.270,4314.000,58.824,0.000,2
129.331,4313.000,58.766,0.000,2
129.393,4312.000,58.708,0.000,2
129.454,4311.000,58.650,0.000,2
129.515,4310.000,58.592,0.000,2
129.577,4309.000,58.533,0.000,2
129.638,4308.000,58.475,0.000,2
129.700,4307.000,58.417,0.000,2
129.762,4306.000,58.358,0.000,2
129.823,4305.000,58.300,0.000,2
129.885,4304.000,58.241,0.000,2
129.947,4303.000,58.183,0.000,2
130.009,4302.000,58.124,0.000,2
130.071,4301.000,58.065,0.000,2
130.133,4300.000,58.006,0.000,2
130.195,4299.000,57.948,0.000,2
130.257,4298.000,57.889,0.000,2
130.319,4297.000,57.830,0.000,2
130.382,4296.000,57.771,0.000,2
130.444,4295.000,57.712,0.000,2
130.506,4294.000,57.653,0.000,2
130.569,4293.000,57.594,0.000,2
130.631,4292.000,57.534,0.000,2
130.694,4291.000,57.475,0.000,2
130.757,4290.000,57.416,0.000,2
130.819,4289.000,57.356,0.000,2
130.882,4288.000,57.297,0.000,2
130.945,4287.000,57.237,0.000,2
131.008,4286.000,57.178,0.000,2
131.071,4285.000,57.118,0.000,2
131.134,4284.000,57.059,0.000,2
131.197,4283.000,57.010,0.000,2
131.260,4282.000,56.961,0.000,2
131.324,4281.000,56.913,0.000,2
131.387,4280.000,56.864,0.000,2
131.450,4279.000,56.815,0.000,2
131.514,4278.000,56.766,0.000,2
131.577,4277.000,56.717,0.000,2
131.641,4276.000,56.668,0.000,2
131.704,4275.000,56.619,0.000,2
131.768,4274.000,56.570,0.000,2
131.831,4273.000,56.521,0.000,2
131.895,4272.000,56.472,0.000,2
131.959,4271.000,56.423,0.000,2
132.023,4270.000,56.374,0.000,2
132.087,4269.000,56.325,0.000,2
132.151,4268.000,56.276,0.000,2
132.215,4267.000,56.226,0.000,2
132.279,4266.000,56.177,0.000,2
132.343,4265.000,56.128,0.000,2
132.407,4264.000,56.078,0.000,2
132.471,4263.000,56.029,0.000,2
132.535,4262.000,55.979,0.000,2
132.600,4261.000,55.930,0.000,2
132.664,4260.000,55.880,0.000,2
132.729,4259.000,55.831,0.000,2
132.793,4258.000,55.793,0.000,2
132.858,4257.000,55.754,0.000,2
132.922,4256.000,55.716,0.000,2
132.987,4255.000,55.677,0.000,2
133.052,4254.000,55.639,0.000,2
133.116,4253.000,55.601,0.000,2
133.181,4252.000,55.562,0.000,2
133.246,4251.000,55.524,0.000,2
133.311,4250.000,55.485,0.000,2
133.376,4249.000,55.447,0.000,2
133.441,4248.000,55.408,0.000,2
133.506,4247.000,55.369,0.000,2
133.571,4246.000,55.331,0.000,2
133.636,4245.000,55.292,0.000,2
133.701,4244.000,55.254,0.000,2
133.766,4243.000,55.215,0.000,2
133.831,4242.000,55.176,0.000,2
133.897,4241.000,55.138,0.000,2
133.962,4240.000,55.099,0.000,2
134.027,4239.000,55.060,0.000,2
134.093,4238.000,55.021,0.000,2
134.158,4237.000,54.982,0.000,2
134.224,4236.000,54.944,0.000,2
134.289,4235.000,54.906,0.000,2
134.355,4234.000,54.868,0.000,2
134.420,4233.000,54.841,0.000,2
134.486,4232.000,54.815,0.000,2
134.552,4231.000,54.788,0.000,2
134.617,4230.000,54.761,0.000,2
134.683,4229.000,54.734,0.000,2
134.749,4228.000,54.708,0.000,2
134.815,4227.000,54.681,0.000,2
134.881,4226.000,54.654,0.000,2
134.947,4225.000,54.627,0.000,2
135.012,4224.000,54.601,0.000,2
135.078,4223.000,54.574,0.000,2
135.144,4222.000,54.547,0.000,2
135.210,4221.000,54.520,0.000,2
135.276,4220.000,54.493,0.000,2
135.342,4219.000,54.466,0.000,2
135.409,4218.000,54.440,0.000,2
135.475,4217.000,54.413,0.000,2
135.541,4216.000,54.386,0.000,2
135.607,4215.000,54.359,0.000,2
135.673,4214.000,54.332,0.000,2
135.740,4213.000,54.305,0.000,2
135.806,4212.000,54.278,0.000,2
135.872,4211.000,54.251,0.000,2
135.939,4210.000,54.224,0.000,2
136.005,4209.000,54.197,0.000,2
136.072,4208.000,54.182,0.000,2
136.138,4207.000,54.167,0.000,2
136.204,4206.000,54.151,0.000,2
136.271,4205.000,54.136,0.000,2
136.337,4204.000,54.121,0.000,2
136.404,4203.000,54.105,0.000,2
136.471,4202.000,54.090,0.000,2
136.537,4201.000,54.075,0.000,2
136.604,4200.000,54.059,0.000,2
136.670,4199.000,54.044,0.000,2
136.737,4198.000,54.029,0.000,2
136.804,4197.000,54.013,0.000,2
136.870,4196.000,53.998,0.000,2
136.937,4195.000,53.982,0.000,2
137.004,4194.000,53.967,0.000,2
137.070,4193.000,53.952,0.000,2
137.137,4192.000,53.936,0.000,2
137.204,4191.000,53.921,0.000,2
137.271,4190.000,53.906,0.000,2
137.337,4189.000,53.890,0.000,2
137.404,4188.000,53.875,0.000,2
137.471,4187.000,53.859,0.000,2
137.538,4186.000,53.844,0.000,2
137.605,4185.000,53.829,0.000,2
137.672,4184.000,53.813,0.000,2
137.738,4183.000,53.798,0.000,2
137.805,4182.000,53.782,0.000,2
137.872,4181.000,53.767,0.000,2
137.939,4180.000,53.751,0.000,2
138.006,4179.000,53.736,0.000,2
138.073,4178.000,53.721,0.000,2
138.140,4177.000,53.705,0.000,2
138.207,4176.000,53.690,0.000,2
138.274,4175.000,53.674,0.000,2
138.342,4174.000,53.659,0.000,2
138.409,4173.000,53.643,0.000,2
138.476,4172.000,53.628,0.000,2
138.543,4171.000,53.613,0.000,2
138.610,4170.000,53.597,0.000,2
138.677,4169.000,53.582,0.000,2
138.744,4168.000,53.566,0.000,2
138.812,4167.000,53.551,0.000,2
138.879,4166.000,53.535,0.000,2
138.946,4165.000,53.520,0.000,2
139.013,4164.000,53.504,0.000,2
139.081,4163.000,53.489,0.000,2
139.148,4162.000,53.473,0.000,2
139.215,4161.000,53.458,0.000,2
139.283,4160.000,53.442,0.000,2
139.350,4159.000,53.427,0.000,2
139.417,4158.000,53.411,0.000,2
139.485,4157.000,53.396,0.000,2
139.552,4156.000,53.381,0.000,2
139.620,4155.000,53.365,0.000,2
139.687,4154.000,53.350,0.000,2
139.755,4153.000,53.334,0.000,2
139.822,4152.000,53.319,0.000,2
139.890,4151.000,53.303,0.000,2
139.957,4150.000,53.287,0.000,2
140.025,4149.000,53.272,0.000,2
140.092,4148.000,53.256,0.000,2
140.160,4147.000,53.241,0.000,2
140.228,4146.000,53.225,0.000,2
140.295,4145.000,53.210,0.000,2
140.363,4144.000,53.194,0.000,2
140.431,4143.000,53.179,0.000,2
140.498,4142.000,53.163,0.000,2
140.566,4141.000,53.148,0.000,2
140.634,4140.000,53.132,0.000,2
140.702,4139.000,53.117,0.000,2
140.769,4138.000,53.101,0.000,2
140.837,4137.000,53.086,0.000,2
140.905,4136.000,53.070,0.000,2
140.973,4135.000,53.054,0.000,2
141.041,4134.000,53.039,0.000,2
141.109,4133.000,53.023,0.000,2
141.177,4132.000,53.008,0.000,2
141.244,4131.000,52.992,0.000,2
141.312,4130.000,52.977,0.000,2
141.380,4129.000,52.961,0.000,2
141.448,4128.000,52.946,0.000,2
141.516,4127.000,52.930,0.000,2
141.584,4126.000,52.914,0.000,2
141.652,4125.000,52.899,0.000,2
141.720,4124.000,52.883,0.000,2
141.789,4123.000,52.868,0.000,2
141.857,4122.000,52.852,0.000,2
141.925,4121.000,52.836,0.000,2
141.993,4120.000,52.821,0.000,2
142.061,4119.000,52.805,0.000,2
142.129,4118.000,52.790,0.000,2
142.198,4117.000,52.774,0.000,2
142.266,4116.000,52.758,0.000,2
142.334,4115.000,52.743,0.000,2
142.402,4114.000,52.727,0.000,2
142.471,4113.000,52.712,0.000,2
142.539,4112.000,52.696,0.000,2
142.607,4111.000,52.680,0.000,2
142.676,4110.000,52.665,0.000,2
142.744,4109.000,52.649,0.000,2
142.812,4108.000,52.633,0.000,2
142.881,4107.000,52.618,0.000,2
142.949,4106.000,52.602,0.000,2
143.018,4105.000,52.586,0.000,2
143.086,4104.000,52.571,0.000,2
143.155,4103.000,52.555,0.000,2
143.223,4102.000,52.539,0.000,2
143.292,4101.000,52.524,0.000,2
143.360,4100.000,52.508,0.000,2
143.429,4099.000,52.492,0.000,2
143.497,4098.000,52.477,0.000,2
143.566,4097.000,52.461,0.000,2
143.635,4096.000,52.445,0.000,2
143.703,4095.000,52.430,0.000,2
143.772,4094.000,52.414,0.000,2
143.841,4093.000,52.398,0.000,2
143.909,4092.000,52.383,0.000,2
143.978,4091.000,52.367,0.000,2
144.047,4090.000,52.351,0.000,2
144.116,4089.000,52.336,0.000,2
144.184,4088.000,52.320,0.000,2
144.253,4087.000,52.304,0.000,2
144.322,4086.000,52.289,0.000,2
144.391,4085.000,52.273,0.000,2
144.460,4084.000,52.257,0.000,2
144.529,4083.000,52.241,0.000,2
144.598,4082.000,52.226,0.000,2
144.666,4081.000,52.210,0.000,2
144.735,4080.000,52.194,0.000,2
144.804,4079.000,52.179,0.000,2
144.873,4078.000,52.163,0.000,2
144.942,4077.000,52.147,0.000,2
145.011,4076.000,52.131,0.000,2
145.081,4075.000,52.116,0.000,2
145.150,4074.000,52.100,0.000,2
145.219,4073.000,52.084,0.000,2
145.288,4072.000,52.068,0.000,2
145.357,4071.000,52.053,0.000,2
145.426,4070.000,52.037,0.000,2
145.495,4069.000,52.021,0.000,2
145.565,4068.000,52.005,0.000,2
145.634,4067.000,51.989,0.000,2
145.703,4066.000,51.974,0.000,2
145.772,4065.000,51.958,0.000,2
145.842,4064.000,51.942,0.000,2
145.911,4063.000,51.926,0.000,2
145.980,4062.000,51.911,0.000,2
146.050,4061.000,51.895,0.000,2
146.119,4060.000,51.879,0.000,2
146.188,4059.000,51.863,0.000,2
146.258,4058.000,51.847,0.000,2
146.327,4057.000,51.832,0.000,2
146.397,4056.000,51.816,0.000,2
146.466,4055.000,51.800,0.000,2
146.536,4054.000,51.784,0.000,2
146.605,4053.000,51.768,0.000,2
146.675,4052.000,51.753,0.000,2
146.744,4051.000,51.737,0.000,2
146.814,4050.000,51.721,0.000,2
146.884,4049.000,51.705,0.000,2
146.953,4048.000,51.689,0.000,2
147.023,4047.000,51.673,0.000,2
147.093,4046.000,51.578,-111.000,3
147.163,4045.000,51.445,-111.000,3
147.233,4044.000,51.311,-111.000,3
147.304,4043.000,51.177,-111.000,3
147.374,4042.000,51.043,-111.000,3
147.445,4041.000,50.908,-111.000,3
147.516,4040.000,50.773,-111.000,3
147.587,4039.000,50.637,-111.000,3
147.659,4038.000,50.502,-111.000,3
147.730,4037.000,50.366,-111.000,3
147.802,4036.000,50.229,-111.000,3
147.874,4035.000,50.092,-111.000,3
147.946,4034.000,49.956,-111.000,3
148.018,4033.000,49.819,-111.000,3
148.091,4032.000,49.682,-111.000,3
148.164,4031.000,49.544,-111.000,3
148.237,4030.000,49.406,-111.000,3
148.310,4029.000,49.268,-111.000,3
148.383,4028.000,49.129,-111.000,3
148.457,4027.000,48.990,-111.000,3
148.531,4026.000,48.851,-111.000,3
148.605,4025.000,48.711,-111.000,3
148.679,4024.000,48.571,-111.000,3
148.753,4023.000,48.430,-111.000,3
148.828,4022.000,48.289,-111.000,3
148.903,4021.000,48.148,-111.000,3
148.978,4020.000,48.006,-111.000,3
149.053,4019.000,47.864,-111.000,3
149.129,4018.000,47.721,-111.000,3
149.205,4017.000,47.578,-111.000,3
149.281,4016.000,47.435,-111.000,3
149.357,4015.000,47.291,-111.000,3
149.433,4014.000,47.147,-111.000,3
149.510,4013.000,47.002,-111.000,3
149.587,4012.000,46.857,-111.000,3
149.664,4011.000,46.711,-111.000,3
149.742,4010.000,46.565,-111.000,3
149.819,4009.000,46.419,-111.000,3
149.897,4008.000,46.272,-111.000,3
149.975,4007.000,46.124,-111.000,3
150.054,4006.000,45.977,-111.000,3
150.133,4005.000,45.828,-111.000,3
150.211,4004.000,45.680,-111.000,3
150.291,4003.000,45.530,-111.000,3
150.370,4002.000,45.381,-111.000,3
150.450,4001.000,45.231,-111.000,3
150.530,4000.000,45.080,-111.000,3
150.610,3999.000,44.929,-111.000,3
150.691,3998.000,44.779,-111.000,3
150.771,3997.000,44.627,-111.000,3
150.853,3996.000,44.475,-111.000,3
150.934,3995.000,44.323,-111.000,3
151.016,3994.000,44.170,-111.000,3
151.097,3993.000,44.017,-111.000,3
151.180,3992.000,43.863,-111.000,3
151.262,3991.000,43.708,-111.000,3
151.345,3990.000,43.553,-111.000,3
151.428,3989.000,43.398,-111.000,3
151.512,3988.000,43.242,-111.000,3
151.595,3987.000,43.085,-111.000,3
151.679,3986.000,42.928,-111.000,3
151.764,3985.000,42.770,-111.000,3
151.848,3984.000,42.612,-111.000,3
151.933,3983.000,42.453,-111.000,3
152.018,3982.000,42.294,-111.000,3
152.104,3981.000,42.134,-111.000,3
152.190,3980.000,41.973,-111.000,3
152.276,3979.000,41.812,-111.000,3
152.363,3978.000,41.650,-111.000,3
152.450,3977.000,41.487,-111.000,3
152.537,3976.000,41.324,-111.000,3
152.625,3975.000,41.161,-111.000,3
152.713,3974.000,40.996,-111.000,3
152.801,3973.000,40.831,-111.000,3
152.890,3972.000,40.666,-111.000,3
152.979,3971.000,40.500,-111.000,3
153.068,3970.000,40.333,-111.000,3
153.158,3969.000,40.165,-111.000,3
153.248,3968.000,39.997,-111.000,3
153.339,3967.000,39.829,-111.000,3
153.430,3966.000,39.660,-111.000,3
153.521,3965.000,39.491,-111.000,3
153.613,3964.000,39.320,-111.000,3
153.705,3963.000,39.149,-111.000,3
153.798,3962.000,38.978,-111.000,3
153.891,3961.000,38.805,-111.000,3
153.984,3960.000,38.632,-111.000,3
154.078,3959.000,38.458,-111.000,3
154.172,3958.000,38.283,-111.000,3
154.267,3957.000,38.107,-111.000,3
154.362,3956.000,37.931,-111.000,3
154.458,3955.000,37.754,-111.000,3
154.554,3954.000,37.576,-111.000,3
154.650,3953.000,37.397,-111.000,3
154.747,3952.000,37.217,-111.000,3
154.844,3951.000,37.037,-111.000,3
154.942,3950.000,36.855,-111.000,3
155.041,3949.000,36.673,-111.000,3
155.140,3948.000,36.490,-111.000,3
155.239,3947.000,36.306,-111.000,3
155.339,3946.000,36.121,-111.000,3
155.439,3945.000,35.935,-111.000,3
155.540,3944.000,35.748,-111.000,3
155.642,3943.000,35.561,-111.000,3
155.744,3942.000,35.372,-111.000,3
155.847,3941.000,35.182,-111.000,3
155.950,3940.000,34.992,-111.000,3
156.054,3939.000,34.801,-111.000,3
156.158,3938.000,34.609,-111.000,3
156.263,3937.000,34.416,-111.000,3
156.368,3936.000,34.222,-111.000,3
156.474,3935.000,34.027,-111.000,3
156.581,3934.000,33.830,-111.000,3
156.688,3933.000,33.633,-111.000,3
156.796,3932.000,33.435,-111.000,3
156.905,3931.000,33.235,-111.000,3
157.014,3930.000,33.034,-111.000,3
157.124,3929.000,32.832,-111.000,3
157.235,3928.000,32.628,-111.000,3
157.346,3927.000,32.424,-111.000,3
157.459,3926.000,32.218,-111.000,3
157.571,3925.000,32.011,-111.000,3
157.685,3924.000,31.802,-111.000,3
157.799,3923.000,31.593,-111.000,3
157.914,3922.000,31.381,-111.000,3
158.030,3921.000,31.169,-111.000,3
158.147,3920.000,30.955,-111.000,3
158.264,3919.000,30.739,-111.000,3
158.383,3918.000,30.522,-111.000,3
158.502,3917.000,30.304,-111.000,3
158.622,3916.000,30.084,-111.000,3
158.743,3915.000,29.863,-111.000,3
158.865,3914.000,29.641,-111.000,3
158.988,3913.000,29.416,-111.000,3
159.112,3912.000,29.191,-111.000,3
159.237,3911.000,28.963,-111.000,3
159.362,3910.000,28.734,-111.000,3
159.489,3909.000,28.503,-111.000,3
159.617,3908.000,28.270,-111.000,3
159.746,3907.000,28.035,-111.000,3
159.876,3906.000,27.798,-111.000,3
160.007,3905.000,27.559,-111.000,3
160.140,3904.000,27.319,-111.000,3
160.273,3903.000,27.076,-111.000,3
160.408,3902.000,26.831,-111.000,3
160.544,3901.000,26.583,-111.000,3
160.681,3900.000,26.334,-111.000,3
160.820,3899.000,26.082,-111.000,3
160.960,3898.000,25.827,-111.000,3
161.102,3897.000,25.570,-111.000,3
161.245,3896.000,25.311,-111.000,3
161.389,3895.000,25.049,-111.000,3
161.535,3894.000,24.785,-111.000,3
161.683,3893.000,24.518,-111.000,3
161.832,3892.000,24.248,-111.000,3
161.983,3891.000,23.976,-111.000,3
162.136,3890.000,23.700,-111.000,3
162.291,3889.000,23.421,-111.000,3
162.447,3888.000,23.139,-111.000,3
162.606,3887.000,22.853,-111.000,3
162.766,3886.000,22.564,-111.000,3
162.929,3885.000,22.271,-111.000,3
163.094,3884.000,21.974,-111.000,3
163.261,3883.000,21.673,-111.000,3
163.431,3882.000,21.368,-111.000,3
163.603,3881.000,21.059,-111.000,3
163.778,3880.000,20.745,-111.000,3
163.956,3879.000,20.426,-111.000,3
164.136,3878.000,20.102,-111.000,3
164.320,3877.000,19.774,-111.000,3
164.507,3876.000,19.441,-111.000,3
164.697,3875.000,19.102,-111.000,3
164.891,3874.000,18.757,-111.000,3
165.088,3873.000,18.405,-111.000,3
165.290,3872.000,18.046,-111.000,3
165.495,3871.000,17.681,-111.000,3
165.706,3870.000,17.307,-111.000,3
165.921,3869.000,16.926,-111.000,3
166.141,3868.000,16.536,-111.000,3
166.367,3867.000,16.136,-111.000,3
166.599,3866.000,15.727,-111.000,3
166.838,3865.000,15.306,-111.000,3
167.084,3864.000,14.875,-111.000,3
167.337,3863.000,14.431,-111.000,3
167.599,3862.000,13.973,-111.000,3
167.871,3861.000,13.500,-111.000,3
168.153,3860.000,13.010,-111.000,3
168.447,3859.000,12.500,-111.000,3
168.755,3858.000,11.969,-111.000,3
169.079,3857.000,11.413,-111.000,3
169.421,3856.000,10.830,-111.000,3
169.785,3855.000,10.213,-111.000,3
170.176,3854.000,9.557,-111.000,3
170.601,3853.000,8.854,-111.000,3
171.071,3852.000,8.091,-111.000,3
171.602,3851.000,7.247,-111.000,3
172.231,3850.000,6.292,-111.000,3
173.043,3849.000,5.163,-111.000,3
174.985,3848.000,3.707,-111.000,3
174.985,3847.000,0.000,0.000,3
